r_H = 0.282134719593
W_H = 0.0
M_H = 1.0
J_H = 0.99
M_ADM = 1.0
J_ADM = 0.99
M_SF = 0.0
J_SF = 0.0
m = 1.0
a_star = 0.99
a_star_H = 0.99
l_k_H = 2.2
l_k_ADM = 2.2
l = 2.20000000981
rho_c = 1.0
gamma = 1.33333333333
q = 1.33333333333
mag_beta_c = 177.827941004
v_H = 0.867608727478
a_eq = 0.99
