p_c = 0.00216193231757
mag_p_c = 0.0384452190872
l = 2.45746184609
mag_beta_c = 0.056234132519
r_int = 0.829031973588
r_mb_real = 2.13318276524e-314
l_mb = 2.45746184609
r_c = 2.25402271659
h_c = 1.0086464408
epsilon_c = 0.00648483059998
r_cusp = 0.829230666804
r_center = 2.25402271659
W_cusp = -2.26500975874e-07
W_center = -0.161049175568
r_max_dens = 1.52733603483
density_max = 1.68435370842
r_max_mag_press = 1.6444828453
mag_pressure_max = 0.0573642662715
r_max_press = 1.52733603483
pressure_max = 0.00433178479831
r_max_total_press = 1.63520392599
total_pressure_max = 0.0615628401923
r_max_sp_energy = 1.52733603483
specific_internal_energy_max = 0.00771533575754
r_max_sp_enth = 1.52733603483
specific_enthalpy_max = 1.01028711434
