p_c = 0.000292678184234
mag_p_c = 0.0164585042224
l = 3.34362297106
mag_beta_c = 0.0177827941004
r_int = 2.63112578028
r_mb_real = 2.21156443807e-314
l_mb = 3.34362297106
r_c = 6.64335483975
h_c = 1.0011706546
epsilon_c = 0.000877990950971
r_cusp = 2.63207141002
r_center = 6.64335483975
W_cusp = -1.62090519301e-07
W_center = -0.066923742645
r_max_dens = 4.85600590716
density_max = 1.51862076475
r_max_mag_press = 5.14671225981
mag_pressure_max = 0.0228428428782
r_max_press = 4.85600590716
pressure_max = 0.000510850757099
r_max_total_press = 5.13805259047
total_pressure_max = 0.0233413467477
r_max_sp_energy = 4.85600590716
specific_internal_energy_max = 0.00100917378905
r_max_sp_enth = 4.85600590716
specific_enthalpy_max = 1.00134556505
