p_c = 0.0330670839234
mag_p_c = 0.00185949877936
l = 2.62211129261
mag_beta_c = 17.7827941004
r_int = 1.14806422021
r_mb_real = 2.13343977423e-314
l_mb = 2.62211129261
r_c = 2.99830015116
h_c = 1.13226833569
epsilon_c = 0.0992012517702
r_cusp = 1.14833915964
r_center = 2.99830015116
W_cusp = -1.99954178118e-07
W_center = -0.130792107242
r_max_dens = 2.91604608433
density_max = 1.00179525912
r_max_mag_press = 3.3428227218
mag_pressure_max = 0.00192125458733
r_max_press = 2.91604608433
pressure_max = 0.0331462595757
r_max_total_press = 2.93624574787
total_pressure_max = 0.0349742678313
r_max_sp_energy = 2.91604608433
specific_internal_energy_max = 0.099260580265
r_max_sp_enth = 2.91604608433
specific_enthalpy_max = 1.13234744035
