energy_density_max = 9.82507937358
total_ang_mom_dens_max = 5.36033461279
r_max_energy_density = 0.442713144844
r_max_total_ang_mom_dens = 0.450058186567
peri_r_max_energy_density = 0.855725895388
peri_r_max_total_ang_mom_dens = 0.861413401219
