p_c = 0.10553599119
mag_p_c = 0.00010553599119
l = 2.0632455533
mag_beta_c = 1000.0
r_int = 0.108958294315
r_mb_real = 2.23305200913e-314
l_mb = 2.0632455533
r_c = 0.496955955548
h_c = 1.42214396476
epsilon_c = 0.31660797357
r_cusp = 0.109044255896
r_center = 0.496955955548
W_cusp = -3.43793665531e-06
W_center = -0.352462403606
r_max_dens = 0.496375317025
density_max = 1.00000137463
r_max_mag_press = 0.685947344746
mag_pressure_max = 0.000118220164783
r_max_press = 0.496375317025
pressure_max = 0.10553618462
r_max_total_press = 0.496375317025
total_pressure_max = 0.10564162958
r_max_sp_energy = 0.496375317025
specific_internal_energy_max = 0.316608118643
r_max_sp_enth = 0.496375317025
specific_enthalpy_max = 1.42214415819
