p_c = 0.0527085700106
mag_p_c = 0.0166679133444
l = 2.20000000981
mag_beta_c = 3.16227766017
r_int = 0.351018639411
r_mb_real = 2.1801263691e-314
l_mb = 2.20000000981
r_c = 1.13078114698
h_c = 1.21083428004
epsilon_c = 0.158125710032
r_cusp = 0.351134497411
r_center = 1.13078114698
W_cusp = -7.26960105002e-08
W_center = -0.246372184676
r_max_dens = 0.962127496016
density_max = 1.04789400904
r_max_mag_press = 1.13021517485
mag_pressure_max = 0.0166679302363
r_max_press = 0.962127496016
pressure_max = 0.0561010569954
r_max_total_press = 0.995634427018
total_pressure_max = 0.0719871800068
r_max_sp_energy = 0.962127496016
specific_internal_energy_max = 0.160610872411
r_max_sp_enth = 0.962127496016
specific_enthalpy_max = 1.21414782988
