energy_density_max = 7.63253407979
total_ang_mom_dens_max = 5.26031705737
r_max_energy_density = 0.251836058911
r_max_total_ang_mom_dens = 0.269877886833
peri_r_max_energy_density = 0.784248106025
peri_r_max_total_ang_mom_dens = 0.813478406921
