p_c = 0.0122639096308
mag_p_c = 0.00408911139464
l = 3.41421357534
mag_beta_c = 2.99916251899
r_int = 2.78047018589
r_mb_real = 2.1639125417e-314
l_mb = 3.41421357534
r_c = 7.03285949425
h_c = 1.04905563852
epsilon_c = 0.0367917288923
r_cusp = 2.78152120646
r_center = 7.03285949425
W_cusp = -1.86897889679e-07
W_center = -0.0634819577585
r_max_dens = 6.37290093234
density_max = 1.03023985041
r_max_mag_press = 7.0249809586
mag_pressure_max = 0.00408914418612
r_max_press = 6.37290093234
pressure_max = 0.0127608636402
r_max_total_press = 6.51277310277
total_pressure_max = 0.0167357657199
r_max_sp_energy = 6.37290093234
specific_internal_energy_max = 0.0371589110103
r_max_sp_enth = 6.37290093234
specific_enthalpy_max = 1.04954521468
