p_c = 0.012089608542
mag_p_c = 0.120896066851
l = 2.00200033169
mag_beta_c = 0.1
r_int = 0.00338976218366
r_mb_real = 2.17558924965e-314
l_mb = 2.00200033169
r_c = 0.0672994897634
h_c = 1.04835879647
epsilon_c = 0.0362690973516
r_cusp = 0.00346525722239
r_center = 0.0672994897634
W_cusp = -0.000816278093025
W_center = -0.508506791543
r_max_dens = 0.00866631705735
density_max = 13.8835215629
r_max_mag_press = 0.0107417604883
mag_pressure_max = 1.07644612889
r_max_press = 0.00866631705735
pressure_max = 0.403412572672
r_max_total_press = 0.0100879048409
total_pressure_max = 1.45396827735
r_max_sp_energy = 0.00866631705735
specific_internal_energy_max = 0.0871708026333
r_max_sp_enth = 0.00866631705735
specific_enthalpy_max = 1.11622773684
