p_c = 0.0013619293906
mag_p_c = 0.136192900127
l = 1.15912817057
mag_beta_c = 0.01
r_int = 0.116622670216
r_mb_real = 2.12914752162e-314
l_mb = 1.15912817057
r_c = 0.451770692735
h_c = 1.00544836422
epsilon_c = 0.00408627316422
r_cusp = 0.116699760684
r_center = 0.451770692735
W_cusp = -1.18145045768e-06
W_center = -0.547317460947
r_max_dens = 0.19930813024
density_max = 3.58281051672
r_max_mag_press = 0.219981022399
mag_pressure_max = 0.393172839594
r_max_press = 0.19930813024
pressure_max = 0.00746772719295
r_max_total_press = 0.219641819662
total_pressure_max = 0.400284976357
r_max_sp_energy = 0.19930813024
specific_internal_energy_max = 0.00625296299492
r_max_sp_enth = 0.19930813024
specific_enthalpy_max = 1.00833728399
