p_c = 0.000465023459333
mag_p_c = 0.0465023415029
l = 0.934427829084
mag_beta_c = 0.01
r_int = 0.255175352913
r_mb_real = 2.20833260053e-314
l_mb = 0.934427829084
r_c = 0.724199598529
h_c = 1.00186030858
epsilon_c = 0.00139523143856
r_cusp = 0.255286428582
r_center = 0.724199598529
W_cusp = -5.51970281452e-07
W_center = -0.187543988945
r_max_dens = 0.466273733094
density_max = 1.86929425236
r_max_mag_press = 0.503063664204
mag_pressure_max = 0.0763310411359
r_max_press = 0.466273733094
pressure_max = 0.0010709732048
r_max_total_press = 0.502541724121
total_pressure_max = 0.0773653581766
r_max_sp_energy = 0.466273733094
specific_internal_energy_max = 0.0017187875105
r_max_sp_enth = 0.466273733094
specific_enthalpy_max = 1.00229171668
