p_c = 0.00272995491684
mag_p_c = 0.0863287344011
l = 2.0632455533
mag_beta_c = 0.0316227766017
r_int = 0.108958294315
r_mb_real = 2.16877345201e-314
l_mb = 2.0632455533
r_c = 0.496955955548
h_c = 1.01092034836
epsilon_c = 0.00819026127033
r_cusp = 0.109044255896
r_center = 0.496955955548
W_cusp = -3.43793665531e-06
W_center = -0.352462403606
r_max_dens = 0.219561734987
density_max = 3.0397789044
r_max_mag_press = 0.248494805558
mag_pressure_max = 0.209806008544
r_max_press = 0.219561734987
pressure_max = 0.0120218924685
r_max_total_press = 0.246800913775
total_pressure_max = 0.221206004097
r_max_sp_energy = 0.219561734987
specific_internal_energy_max = 0.0118645725692
r_max_sp_enth = 0.219561734987
specific_enthalpy_max = 1.01581943009
