p_c = 0.0924153294541
mag_p_c = 0.0092415329454
l = 2.07228917239
mag_beta_c = 10.0
r_int = 0.124730053336
r_mb_real = 2.13112871696e-314
l_mb = 2.07228917239
r_c = 0.543250843368
h_c = 1.36966131782
epsilon_c = 0.277245988363
r_cusp = 0.124817800284
r_center = 0.543250843368
W_cusp = -4.5658672008e-06
W_center = -0.341552746049
r_max_dens = 0.491083196121
density_max = 1.01037670971
r_max_mag_press = 0.645721950916
mag_pressure_max = 0.00959903076459
r_max_press = 0.491083196121
pressure_max = 0.0936961584225
r_max_total_press = 0.502600006406
total_pressure_max = 0.102471023859
r_max_sp_energy = 0.491083196121
specific_internal_energy_max = 0.278201657426
r_max_sp_enth = 0.491083196121
specific_enthalpy_max = 1.37093554324
