p_c = 0.129718430067
mag_p_c = 0.0410205692421
l = 2.00063426218
mag_beta_c = 3.16227766017
r_int = 0.00111541391944
r_mb_real = 2.20185880699e-314
l_mb = 2.00063426218
r_c = 0.0368867500569
h_c = 1.51887372937
epsilon_c = 0.389155297031
r_cusp = 0.00119989331725
r_center = 0.0368867500569
W_cusp = -0.0051021124477
W_center = -0.525998006927
r_max_dens = 0.0112149270699
density_max = 1.34941785762
r_max_mag_press = 0.0350289968929
mag_pressure_max = 0.0410516639592
r_max_press = 0.0112149270699
pressure_max = 0.193432880106
r_max_total_press = 0.0129836874273
total_pressure_max = 0.223188082884
r_max_sp_energy = 0.0112149270699
specific_internal_energy_max = 0.430036283453
r_max_sp_enth = 0.0112149270699
specific_enthalpy_max = 1.57338171127
