energy_density_max = 7.81835285411
total_ang_mom_dens_max = 5.39802994977
r_max_energy_density = 0.247219986191
r_max_total_ang_mom_dens = 0.26437699472
peri_r_max_energy_density = 0.778449432332
peri_r_max_total_ang_mom_dens = 0.805933026609
