p_c = 0.0110278288324
mag_p_c = 0.00620140387955
l = 3.34362297106
mag_beta_c = 1.77827941004
r_int = 2.63112578028
r_mb_real = 2.14145562175e-314
l_mb = 3.34362297106
r_c = 6.64335483975
h_c = 1.04411131533
epsilon_c = 0.0330834864971
r_cusp = 2.63207141002
r_center = 6.64335483975
W_cusp = -1.62090519301e-07
W_center = -0.066923742645
r_max_dens = 5.8001470842
density_max = 1.06215417393
r_max_mag_press = 6.33730587095
mag_pressure_max = 0.00625434069583
r_max_press = 5.8001470842
pressure_max = 0.0119510692634
r_max_total_press = 5.96913951227
total_pressure_max = 0.0180633879804
r_max_sp_energy = 5.8001470842
specific_internal_energy_max = 0.0337551823176
r_max_sp_enth = 5.8001470842
specific_enthalpy_max = 1.04500690976
