p_c = 0.105453966753
mag_p_c = 0.000187526617784
l = 2.0632455533
mag_beta_c = 562.34132519
r_int = 0.108958294315
r_mb_real = 2.15733149244e-314
l_mb = 2.0632455533
r_c = 0.496955955548
h_c = 1.42181586701
epsilon_c = 0.316361900259
r_cusp = 0.109044255896
r_center = 0.496955955548
W_cusp = -3.43793665531e-06
W_center = -0.352462403606
r_max_dens = 0.495795161486
density_max = 1.00000440742
r_max_mag_press = 0.685202129959
mag_pressure_max = 0.000209887519743
r_max_press = 0.495795161486
pressure_max = 0.10545458646
r_max_total_press = 0.496085178915
total_pressure_max = 0.10564184101
r_max_sp_energy = 0.495795161486
specific_internal_energy_max = 0.316362365039
r_max_sp_enth = 0.495795161486
specific_enthalpy_max = 1.42181648672
