p_c = 0.108574923068
mag_p_c = 0.000610561661202
l = 1.06402371083
mag_beta_c = 177.827941004
r_int = 0.132875451826
r_mb_real = 2.24764485852e-314
l_mb = 1.06402371083
r_c = 0.470297980931
h_c = 1.43429969227
epsilon_c = 0.325724769203
r_cusp = 0.132960228361
r_center = 0.470297980931
W_cusp = -1.97717356487e-06
W_center = -0.362379455778
r_max_dens = 0.467555508932
density_max = 1.00003644586
r_max_mag_press = 0.629052012519
mag_pressure_max = 0.000675447017948
r_max_press = 0.467555508932
pressure_max = 0.108580199242
r_max_total_press = 0.468377034677
total_pressure_max = 0.109188390316
r_max_sp_energy = 0.467555508932
specific_internal_energy_max = 0.325728726261
r_max_sp_enth = 0.467555508932
specific_enthalpy_max = 1.43430496835
