p_c = 0.101681007277
mag_p_c = 0.000101681007277
l = 2.07228917239
mag_beta_c = 1000.0
r_int = 0.124730053336
r_mb_real = 2.13668982501e-314
l_mb = 2.07228917239
r_c = 0.543250843368
h_c = 1.40672402911
epsilon_c = 0.305043021831
r_cusp = 0.124817800284
r_center = 0.543250843368
W_cusp = -4.5658672008e-06
W_center = -0.341552746049
r_max_dens = 0.542635779186
density_max = 1.00000120516
r_max_mag_press = 0.73676199807
mag_pressure_max = 0.000113263424222
r_max_press = 0.542635779186
pressure_max = 0.101681170666
r_max_total_press = 0.542943245271
total_pressure_max = 0.101782767461
r_max_sp_energy = 0.542635779186
specific_internal_energy_max = 0.305043144372
r_max_sp_enth = 0.542635779186
specific_enthalpy_max = 1.4067241925
