p_c = 0.122524465793
mag_p_c = 0.0408528931005
l = 2.00200033169
mag_beta_c = 2.99916251899
r_int = 0.00338976218366
r_mb_real = 2.24788163059e-314
l_mb = 2.00200033169
r_c = 0.0672994897634
h_c = 1.49009786355
epsilon_c = 0.367573397665
r_cusp = 0.00346525722239
r_center = 0.0672994897634
W_cusp = -0.000816278093025
W_center = -0.508506791543
r_max_dens = 0.0272353010232
density_max = 1.27061236495
r_max_mag_press = 0.0623210229055
mag_pressure_max = 0.0409387559893
r_max_press = 0.0272353010232
pressure_max = 0.168619159914
r_max_total_press = 0.0310251784207
total_pressure_max = 0.201191618718
r_max_sp_energy = 0.0272353010232
specific_internal_energy_max = 0.39812101133
r_max_sp_enth = 0.0272353010232
specific_enthalpy_max = 1.53082801511
