energy_density_max = 10.8170448242
total_ang_mom_dens_max = 5.8009116097
r_max_energy_density = 0.405972848449
r_max_total_ang_mom_dens = 0.411730449409
peri_r_max_energy_density = 0.894453378089
peri_r_max_total_ang_mom_dens = 0.898245289431
