p_c = 0.0500914780972
mag_p_c = 0.000281685081739
l = 2.36711935577
mag_beta_c = 177.827941004
r_int = 0.658272243274
r_mb_real = 2.20225949818e-314
l_mb = 2.36711935577
r_c = 1.856947682
h_c = 1.20036591239
epsilon_c = 0.150274434292
r_cusp = 0.658437408234
r_center = 1.856947682
W_cusp = -3.6073961847e-07
W_center = -0.183565101352
r_max_dens = 1.85100944452
density_max = 1.00002077515
r_max_mag_press = 2.18760471137
mag_pressure_max = 0.000299268008892
r_max_press = 1.85100944452
pressure_max = 0.0500928656459
r_max_total_press = 1.85199720869
total_pressure_max = 0.0503739110543
r_max_sp_energy = 1.85100944452
specific_internal_energy_max = 0.150275474942
r_max_sp_enth = 1.85100944452
specific_enthalpy_max = 1.20036729992
