p_c = 0.00214621258641
mag_p_c = 0.0120690321891
l = 3.57984163105
mag_beta_c = 0.177827941004
r_int = 3.1298157959
r_mb_real = 2.24001553635e-314
l_mb = 3.57984163105
r_c = 7.97345443704
h_c = 1.0085863752
epsilon_c = 0.00643978139997
r_cusp = 3.13114819178
r_center = 7.97345443704
W_cusp = -1.16412385532e-08
W_center = -0.0564233645228
r_max_dens = 6.07450005985
density_max = 1.35049909641
r_max_mag_press = 6.46580924003
mag_pressure_max = 0.0149169218479
r_max_press = 6.07450005985
pressure_max = 0.00320455683858
r_max_total_press = 6.38748918963
total_pressure_max = 0.0180542876194
r_max_sp_energy = 6.07450005985
specific_internal_energy_max = 0.00711860566313
r_max_sp_enth = 6.07450005985
specific_enthalpy_max = 1.00949147422
