energy_density_max = 3.44101219587
total_ang_mom_dens_max = 2.06681618419
r_max_energy_density = 0.618619195691
r_max_total_ang_mom_dens = 0.65388253041
peri_r_max_energy_density = 1.00248586084
peri_r_max_total_ang_mom_dens = 1.03394826227
