energy_density_max = 3.45804116328
total_ang_mom_dens_max = 2.0741451501
r_max_energy_density = 0.615843566139
r_max_total_ang_mom_dens = 0.650950948443
peri_r_max_energy_density = 1.00003234874
peri_r_max_total_ang_mom_dens = 1.03131292601
