p_c = 0.00796982013951
mag_p_c = 0.0448174796307
l = 0.933434197827
mag_beta_c = 0.177827941004
r_int = 0.280238763035
r_mb_real = 2.15978218452e-314
l_mb = 0.933434197827
r_c = 0.812681112752
h_c = 1.03188511079
epsilon_c = 0.0239138330957
r_cusp = 0.280351920522
r_center = 0.812681112752
W_cusp = -2.03144424749e-07
W_center = -0.205149608994
r_max_dens = 0.536812284704
density_max = 1.6370122291
r_max_mag_press = 0.585775117871
mag_pressure_max = 0.0639093560173
r_max_press = 0.536812284704
pressure_max = 0.0153800227182
r_max_total_press = 0.575295877842
total_pressure_max = 0.0788119825855
r_max_sp_energy = 0.536812284704
specific_internal_energy_max = 0.0281855366348
r_max_sp_enth = 0.536812284704
specific_enthalpy_max = 1.03758071551
