p_c = 0.00210811044196
mag_p_c = 0.118547782738
l = 2.0063246157
mag_beta_c = 0.0177827941004
r_int = 0.0107871365282
r_mb_real = 2.20032889517e-314
l_mb = 2.0063246157
r_c = 0.125291558349
h_c = 1.00843204404
epsilon_c = 0.00632403303016
r_cusp = 0.0108630832391
r_center = 0.125291558349
W_cusp = -0.000132988643512
W_center = -0.478600677313
r_max_dens = 0.0229002026997
density_max = 11.8990609468
r_max_mag_press = 0.026933153729
mag_pressure_max = 0.977108168811
r_max_press = 0.0229002026997
pressure_max = 0.0572641693357
r_max_total_press = 0.0266691770645
total_pressure_max = 1.03056568766
r_max_sp_energy = 0.0229002026997
specific_internal_energy_max = 0.0144374845019
r_max_sp_enth = 0.0229002026997
specific_enthalpy_max = 1.01924997934
