p_c = 0.00276116004911
mag_p_c = 0.049101250908
l = 0.933434197827
mag_beta_c = 0.056234132519
r_int = 0.280238763035
r_mb_real = 2.1893705982e-314
l_mb = 0.933434197827
r_c = 0.812681112752
h_c = 1.01103952956
epsilon_c = 0.00827964716887
r_cusp = 0.280351920522
r_center = 0.812681112752
W_cusp = -2.03144424749e-07
W_center = -0.205149608994
r_max_dens = 0.516202375793
density_max = 1.8588577351
r_max_mag_press = 0.559361133462
mag_pressure_max = 0.0794760252059
r_max_press = 0.516202375793
pressure_max = 0.00630693629119
r_max_total_press = 0.555724776525
total_pressure_max = 0.0855701856171
r_max_sp_energy = 0.516202375793
specific_internal_energy_max = 0.0101787288593
r_max_sp_enth = 0.516202375793
specific_enthalpy_max = 1.01357163848
