p_c = 0.16942538421
mag_p_c = 0.301284619964
l = 0.920446895017
mag_beta_c = 0.56234132519
r_int = 0.0527882972713
r_mb_real = 2.15019190394e-314
l_mb = 0.920446895017
r_c = 0.34546691412
h_c = 1.67771472133
epsilon_c = 0.508286040994
r_cusp = 0.0528814318956
r_center = 0.34546691412
W_cusp = -0.000170539759153
W_center = -1.23576801229
r_max_dens = 0.111241050192
density_max = 2.31249843611
r_max_mag_press = 0.138837950022
mag_pressure_max = 0.513681565228
r_max_press = 0.111241050192
pressure_max = 0.518121572297
r_max_total_press = 0.122961847188
total_pressure_max = 1.01081547311
r_max_sp_energy = 0.111241050192
specific_internal_energy_max = 0.672158169977
r_max_sp_enth = 0.111241050192
specific_enthalpy_max = 1.8962108933
