p_c = 0.0235590959863
mag_p_c = 0.0745005330174
l = 1.06402371083
mag_beta_c = 0.316227766017
r_int = 0.132875451826
r_mb_real = 2.14604130983e-314
l_mb = 1.06402371083
r_c = 0.470297980931
h_c = 1.09423208485
epsilon_c = 0.0706740636339
r_cusp = 0.132960228361
r_center = 0.470297980931
W_cusp = -1.97717356487e-06
W_center = -0.362379455778
r_max_dens = 0.274882753167
density_max = 1.73930702161
r_max_mag_press = 0.311330321081
mag_pressure_max = 0.108196173107
r_max_press = 0.274882753167
pressure_max = 0.0492758212414
r_max_total_press = 0.298845294522
total_pressure_max = 0.155671906341
r_max_sp_energy = 0.274882753167
specific_internal_energy_max = 0.0849921617559
r_max_sp_enth = 0.274882753167
specific_enthalpy_max = 1.11332288234
