p_c = 0.000737516468607
mag_p_c = 0.131151037947
l = 2.00063426218
mag_beta_c = 0.0056234132519
r_int = 0.00111541391944
r_mb_real = 2.13550394098e-314
l_mb = 2.00063426218
r_c = 0.0368867500569
h_c = 1.00295001636
epsilon_c = 0.00221251226796
r_cusp = 0.00119989331725
r_center = 0.0368867500569
W_cusp = -0.0051021124477
W_center = -0.525998006927
r_max_dens = 0.00231547922295
density_max = 86.4143481581
r_max_mag_press = 0.00269026088714
mag_pressure_max = 7.28043009846
r_max_press = 0.00231547922295
pressure_max = 0.281758145776
r_max_total_press = 0.00269026088714
total_pressure_max = 7.54315135429
r_max_sp_energy = 0.00231547922295
specific_internal_energy_max = 0.00978164454567
r_max_sp_enth = 0.00231547922295
specific_enthalpy_max = 1.01304219273
