p_c = 0.00264448377115
mag_p_c = 0.0836258871343
l = 2.07228917239
mag_beta_c = 0.0316227766017
r_int = 0.124730053336
r_mb_real = 2.18658397309e-314
l_mb = 2.07228917239
r_c = 0.543250843368
h_c = 1.01057881565
epsilon_c = 0.00793411173964
r_cusp = 0.124817800284
r_center = 0.543250843368
W_cusp = -4.5658672008e-06
W_center = -0.341552746049
r_max_dens = 0.249692133843
density_max = 2.88105050574
r_max_mag_press = 0.281501898185
mag_pressure_max = 0.194305779725
r_max_press = 0.249692133843
pressure_max = 0.0108423545283
r_max_total_press = 0.279725617781
total_pressure_max = 0.204602117792
r_max_sp_energy = 0.249692133843
specific_internal_energy_max = 0.0112900011715
r_max_sp_enth = 0.249692133843
specific_enthalpy_max = 1.0150533349
