p_c = 0.000182992166407
mag_p_c = 0.0325411208898
l = 2.62211129261
mag_beta_c = 0.0056234132519
r_int = 1.14806422021
r_mb_real = 2.22394943853e-314
l_mb = 2.62211129261
r_c = 2.99830015116
h_c = 1.00073191899
epsilon_c = 0.000548939241856
r_cusp = 1.14833915964
r_center = 2.99830015116
W_cusp = -1.99954178118e-07
W_center = -0.130792107242
r_max_dens = 2.06791707381
density_max = 1.69363232121
r_max_mag_press = 2.20873844565
mag_pressure_max = 0.049387358811
r_max_press = 2.06791707381
pressure_max = 0.000369390205586
r_max_total_press = 2.20760830362
total_pressure_max = 0.0497458584158
r_max_sp_energy = 2.06791707381
specific_internal_energy_max = 0.000654315935568
r_max_sp_enth = 2.06791707381
specific_enthalpy_max = 1.00087242125
