p_c = 5.12996789339e-06
mag_p_c = 0.051299679083
l = 0.933434197827
mag_beta_c = 0.0001
r_int = 0.280238763035
r_mb_real = 2.14930147907e-314
l_mb = 0.933434197827
r_c = 0.812681112752
h_c = 1.00002051333
epsilon_c = 1.53849977369e-05
r_cusp = 0.280351920522
r_center = 0.812681112752
W_cusp = -2.03144424749e-07
W_center = -0.205149608994
r_max_dens = 0.505180960969
density_max = 2.00958519699
r_max_mag_press = 0.545502640444
mag_pressure_max = 0.0899235744731
r_max_press = 0.505180960969
pressure_max = 1.30038491918e-05
r_max_total_press = 0.545502640444
total_pressure_max = 0.0899361177201
r_max_sp_energy = 0.505180960969
specific_internal_energy_max = 1.94127363368e-05
r_max_sp_enth = 0.505180960969
specific_enthalpy_max = 1.00002588365
