p_c = 0.00430737705064
mag_p_c = 0.024222088875
l = 2.7590527171
mag_beta_c = 0.177827941004
r_int = 1.42010048383
r_mb_real = 2.16381338075e-314
l_mb = 2.7590527171
r_c = 3.63881527247
h_c = 1.01723633931
epsilon_c = 0.0129272544801
r_cusp = 1.42045612549
r_center = 3.63881527247
W_cusp = -9.72712682871e-08
W_center = -0.112373893767
r_max_dens = 2.67483854782
density_max = 1.43030551357
r_max_mag_press = 2.8668397648
mag_pressure_max = 0.0311974266664
r_max_press = 2.67483854782
pressure_max = 0.00694513744798
r_max_total_press = 2.82874130288
total_pressure_max = 0.0379705661047
r_max_sp_energy = 2.67483854782
specific_internal_energy_max = 0.0145671062205
r_max_sp_enth = 2.67483854782
specific_enthalpy_max = 1.01942280829
