p_c = 0.000601392580978
mag_p_c = 0.106944391506
l = 2.02000000769
mag_beta_c = 0.0056234132519
r_int = 0.0342292645894
r_mb_real = 2.19819794656e-314
l_mb = 2.02000000769
r_c = 0.242054631617
h_c = 1.00240584245
epsilon_c = 0.0018043818349
r_cusp = 0.034307409192
r_center = 0.242054631617
W_cusp = -1.96790651451e-05
W_center = -0.429202098564
r_max_dens = 0.0700292164602
density_max = 5.99710493858
r_max_mag_press = 0.0807644709796
mag_pressure_max = 0.47536600702
r_max_press = 0.0700292164602
pressure_max = 0.00655358743209
r_max_total_press = 0.080620153358
total_pressure_max = 0.481509573123
r_max_sp_energy = 0.0700292164602
specific_internal_energy_max = 0.00327837556582
r_max_sp_enth = 0.0700292164602
specific_enthalpy_max = 1.00437116742
