p_c = 0.00780364375904
mag_p_c = 0.0246770665404
l = 2.65069628907
mag_beta_c = 0.316227766017
r_int = 1.20439326868
r_mb_real = 2.23261489147e-314
l_mb = 2.65069628907
r_c = 3.12953703841
h_c = 1.03123541939
epsilon_c = 0.0234265645452
r_cusp = 1.20468367169
r_center = 3.12953703841
W_cusp = -1.95636367743e-07
W_center = -0.126539898251
r_max_dens = 2.3374175443
density_max = 1.34834714764
r_max_mag_press = 2.52402539995
mag_pressure_max = 0.0299160464504
r_max_press = 2.3374175443
pressure_max = 0.0116346399902
r_max_total_press = 2.46752031069
total_pressure_max = 0.0412748285459
r_max_sp_energy = 2.3374175443
specific_internal_energy_max = 0.0258864492217
r_max_sp_enth = 2.3374175443
specific_enthalpy_max = 1.03451526563
