p_c = 0.0525252797042
mag_p_c = 0.000295371353948
l = 2.33944440272
mag_beta_c = 177.827941004
r_int = 0.606502586307
r_mb_real = 2.22929603513e-314
l_mb = 2.33944440272
r_c = 1.73694263792
h_c = 1.21010111882
epsilon_c = 0.157575839113
r_cusp = 0.606658435128
r_center = 1.73694263792
W_cusp = -1.20715454827e-07
W_center = -0.191680278022
r_max_dens = 1.73056622439
density_max = 1.00002542667
r_max_mag_press = 2.05366690216
mag_pressure_max = 0.000314149148585
r_max_press = 1.73056622439
pressure_max = 0.0525270604356
r_max_total_press = 1.73238462707
total_pressure_max = 0.0528216744179
r_max_sp_energy = 1.73056622439
specific_internal_energy_max = 0.157577174644
r_max_sp_enth = 1.73056622439
specific_enthalpy_max = 1.21010289953
