r_H = 0.2205
W_H = 0.95
M_H = 0.34022
J_H = 0.12124
M_ADM = 0.630447
J_ADM = 0.402842
M_SF = 0.062622
J_SF = 0.281602
m = 1.0
a_star = 1.01353226466
a_star_H = 0.376025163307
l_k_H = 2.03272353238
l_k_ADM = nan
l = 0.933434197827
rho_c = 0.999914084802
gamma = 1.33333333333
q = 1.33333333333
mag_beta_c = 0.00056234132519
v_H = 0.680223077468
a_eq = 0.930090216698
