p_c = 0.0123067917542
mag_p_c = 0.000218849143801
l = 3.79687967765
mag_beta_c = 56.234132519
r_int = 3.58553996203
r_mb_real = 2.20336241081e-314
l_mb = 3.79687967765
r_c = 9.24084455661
h_c = 1.04922716702
epsilon_c = 0.0369203752625
r_cusp = 3.58732545471
r_center = 9.24084455661
W_cusp = -1.90610108503e-07
W_center = -0.0488881868661
r_max_dens = 9.17581722496
density_max = 1.00014638916
r_max_mag_press = 10.3676193095
mag_pressure_max = 0.000227441269887
r_max_press = 9.17581722496
pressure_max = 0.0123091939207
r_max_total_press = 9.18875181455
total_pressure_max = 0.0125270059848
r_max_sp_energy = 9.17581722496
specific_internal_energy_max = 0.0369221767555
r_max_sp_enth = 9.17581722496
specific_enthalpy_max = 1.04922956901
