p_c = 0.078423828271
mag_p_c = 0.0261485757355
l = 2.0632455533
mag_beta_c = 2.99916251899
r_int = 0.108958294315
r_mb_real = 2.21975634687e-314
l_mb = 2.0632455533
r_c = 0.496955955548
h_c = 1.31369531308
epsilon_c = 0.235271484813
r_cusp = 0.109044255896
r_center = 0.496955955548
W_cusp = -3.43793665531e-06
W_center = -0.352462403606
r_max_dens = 0.382215877876
density_max = 1.07800860573
r_max_mag_press = 0.488870779049
mag_pressure_max = 0.0261578006864
r_max_press = 0.382215877876
pressure_max = 0.0866850776211
r_max_total_press = 0.403031338282
total_pressure_max = 0.111076074463
r_max_sp_energy = 0.382215877876
specific_internal_energy_max = 0.241236694663
r_max_sp_enth = 0.382215877876
specific_enthalpy_max = 1.32164892622
