p_c = 0.00169600147534
mag_p_c = 0.0301596787897
l = 2.65069628907
mag_beta_c = 0.056234132519
r_int = 1.20439326868
r_mb_real = 2.23310057776e-314
l_mb = 2.65069628907
r_c = 3.12953703841
h_c = 1.00678146961
epsilon_c = 0.00508610220714
r_cusp = 1.20468367169
r_center = 3.12953703841
W_cusp = -1.95636367743e-07
W_center = -0.126539898251
r_max_dens = 2.20233542204
density_max = 1.59750340262
r_max_mag_press = 2.35596491523
mag_pressure_max = 0.0431716467295
r_max_press = 2.20233542204
pressure_max = 0.00316566838196
r_max_total_press = 2.34480532825
total_pressure_max = 0.0462486749191
r_max_sp_energy = 2.20233542204
specific_internal_energy_max = 0.00594490448679
r_max_sp_enth = 2.20233542204
specific_enthalpy_max = 1.00792653932
