p_c = 0.0499785335255
mag_p_c = 0.0888745058691
l = 2.0063246157
mag_beta_c = 0.56234132519
r_int = 0.0107871365282
r_mb_real = 2.16269832597e-314
l_mb = 2.0063246157
r_c = 0.125291558349
h_c = 1.19995335524
epsilon_c = 0.149965016431
r_cusp = 0.0108630832391
r_center = 0.125291558349
W_cusp = -0.000132988643512
W_center = -0.478600677313
r_max_dens = 0.0369726233078
density_max = 2.53946096331
r_max_mag_press = 0.0512999761016
mag_pressure_max = 0.15501322172
r_max_press = 0.0369726233078
pressure_max = 0.173201836101
r_max_total_press = 0.0427147818123
total_pressure_max = 0.318684577625
r_max_sp_energy = 0.0369726233078
specific_internal_energy_max = 0.204612520455
r_max_sp_enth = 0.0369726233078
specific_enthalpy_max = 1.27281669394
