p_c = 0.000138674375738
mag_p_c = 0.0438526905326
l = 2.39574673992
mag_beta_c = 0.00316227766017
r_int = 0.711943198995
r_mb_real = 2.18267217475e-314
l_mb = 2.39574673992
r_c = 1.98271213881
h_c = 1.00055456969
epsilon_c = 0.000415927269916
r_cusp = 0.712118341275
r_center = 1.98271213881
W_cusp = -1.0341537752e-07
W_center = -0.175827559945
r_max_dens = 1.29413747605
density_max = 1.84330835304
r_max_mag_press = 1.39307384444
mag_pressure_max = 0.0712862820795
r_max_press = 1.29413747605
pressure_max = 0.000313323836733
r_max_total_press = 1.39243983585
total_pressure_max = 0.0715891407306
r_max_sp_energy = 1.29413747605
specific_internal_energy_max = 0.000509937205377
r_max_sp_enth = 1.29413747605
specific_enthalpy_max = 1.00067991627
