p_c = 0.0995513123939
mag_p_c = 0.314810356178
l = 0.920446895017
mag_beta_c = 0.316227766017
r_int = 0.0527882972713
r_mb_real = 2.23807076748e-314
l_mb = 0.920446895017
r_c = 0.34546691412
h_c = 1.39819060979
epsilon_c = 0.298642957342
r_cusp = 0.0528814318956
r_center = 0.34546691412
W_cusp = -0.000170539759153
W_center = -1.23576801229
r_max_dens = 0.0995195862554
density_max = 3.3353070589
r_max_mag_press = 0.116894883614
mag_pressure_max = 0.790514732043
r_max_press = 0.0995195862554
pressure_max = 0.496066764035
r_max_total_press = 0.10927879844
total_pressure_max = 1.26720078
r_max_sp_energy = 0.0995195862554
specific_internal_energy_max = 0.446195887162
r_max_sp_enth = 0.0995195862554
specific_enthalpy_max = 1.59492784955
