p_c = 2.26375795452e-05
mag_p_c = 0.0402559421067
l = 2.45746184609
mag_beta_c = 0.00056234132519
r_int = 0.829031973588
r_mb_real = 2.20888506869e-314
l_mb = 2.45746184609
r_c = 2.25402271659
h_c = 1.0000905219
epsilon_c = 6.78914229293e-05
r_cusp = 0.829230666804
r_center = 2.25402271659
W_cusp = -2.26500975874e-07
W_center = -0.161049175568
r_max_dens = 1.49880613845
density_max = 1.79655879979
r_max_mag_press = 1.60861315128
mag_pressure_max = 0.064128902359
r_max_press = 1.49880613845
pressure_max = 4.94200817933e-05
r_max_total_press = 1.60861315128
total_pressure_max = 0.0641767328335
r_max_sp_energy = 1.49880613845
specific_internal_energy_max = 8.25245716409e-05
r_max_sp_enth = 1.49880613845
specific_enthalpy_max = 1.00011003276
