p_c = 0.000482664534626
mag_p_c = 0.0271422295114
l = 2.77730787881
mag_beta_c = 0.0177827941004
r_int = 1.45696885537
r_mb_real = 2.16148208654e-314
l_mb = 2.77730787881
r_c = 3.72659081678
h_c = 1.00192998448
epsilon_c = 0.00144748835991
r_cusp = 1.45733674835
r_center = 3.72659081678
W_cusp = -2.07136707115e-07
W_center = -0.110250100147
r_max_dens = 2.6345865335
density_max = 1.61773418284
r_max_mag_press = 2.80649210577
mag_pressure_max = 0.0395842214143
r_max_press = 2.6345865335
pressure_max = 0.00091619134993
r_max_total_press = 2.80170254335
total_pressure_max = 0.0404751711561
r_max_sp_energy = 2.6345865335
specific_internal_energy_max = 0.00169902699649
r_max_sp_enth = 2.6345865335
specific_enthalpy_max = 1.00226536933
