p_c = 1.94735603541e-05
mag_p_c = 0.0615808049559
l = 2.20000000981
mag_beta_c = 0.000316227766017
r_int = 0.351018639411
r_mb_real = 2.212665327e-314
l_mb = 2.20000000981
r_c = 1.13078114698
h_c = 1.00007789116
epsilon_c = 5.84183712255e-05
r_cusp = 0.351134497411
r_center = 1.13078114698
W_cusp = -7.26960105002e-08
W_center = -0.246372184676
r_max_dens = 0.655569064783
density_max = 2.18461736613
r_max_mag_press = 0.716793032077
mag_pressure_max = 0.115099085583
r_max_press = 0.655569064783
pressure_max = 5.51979532726e-05
r_max_total_press = 0.716793032077
total_pressure_max = 0.115152041389
r_max_sp_energy = 0.655569064783
specific_internal_energy_max = 7.57999375016e-05
r_max_sp_enth = 0.655569064783
specific_enthalpy_max = 1.00010106658
