p_c = 0.000767554917829
mag_p_c = 0.136492726923
l = 1.15912817057
mag_beta_c = 0.0056234132519
r_int = 0.116622670216
r_mb_real = 2.1818890056e-314
l_mb = 1.15912817057
r_c = 0.451770692735
h_c = 1.00306995049
epsilon_c = 0.00230246287067
r_cusp = 0.116699760684
r_center = 0.451770692735
W_cusp = -1.18145045768e-06
W_center = -0.547317460947
r_max_dens = 0.198833417954
density_max = 3.63404167961
r_max_mag_press = 0.21930296972
mag_pressure_max = 0.39956922994
r_max_press = 0.198833417954
pressure_max = 0.00428790571132
r_max_total_press = 0.21896447274
total_pressure_max = 0.403652229346
r_max_sp_energy = 0.198833417954
specific_internal_energy_max = 0.00353978249786
r_max_sp_enth = 0.198833417954
specific_enthalpy_max = 1.00471971
