p_c = 0.00087564545517
mag_p_c = 0.0875645725108
l = 2.0632455533
mag_beta_c = 0.01
r_int = 0.108958294315
r_mb_real = 2.20431354646e-314
l_mb = 2.0632455533
r_c = 0.496955955548
h_c = 1.00350188569
epsilon_c = 0.00262641426417
r_cusp = 0.109044255896
r_center = 0.496955955548
W_cusp = -3.43793665531e-06
W_center = -0.352462403606
r_max_dens = 0.215898241187
density_max = 3.22881963983
r_max_mag_press = 0.24361971628
mag_pressure_max = 0.225985180135
r_max_press = 0.215898241187
pressure_max = 0.00417770959164
r_max_total_press = 0.243060822501
total_pressure_max = 0.229942474685
r_max_sp_energy = 0.215898241187
specific_internal_energy_max = 0.00388164412169
r_max_sp_enth = 0.215898241187
specific_enthalpy_max = 1.0051755255
