p_c = 3.46238582334e-05
mag_p_c = 0.0615708944352
l = 2.20000000981
mag_beta_c = 0.00056234132519
r_int = 0.351018639411
r_mb_real = 2.14948968251e-314
l_mb = 2.20000000981
r_c = 1.13078114698
h_c = 1.00013848656
epsilon_c = 0.000103864923616
r_cusp = 0.351134497411
r_center = 1.13078114698
W_cusp = -7.26960105002e-08
W_center = -0.246372184676
r_max_dens = 0.655873778601
density_max = 2.1837033818
r_max_mag_press = 0.716793032077
mag_pressure_max = 0.115029087564
r_max_press = 0.655873778601
pressure_max = 9.80836405412e-05
r_max_total_press = 0.716793032077
total_pressure_max = 0.115123198356
r_max_sp_energy = 0.655873778601
specific_internal_energy_max = 0.000134748576238
r_max_sp_enth = 0.655873778601
specific_enthalpy_max = 1.00017966477
