p_c = 0.243730229912
mag_p_c = 0.00243730229912
l = 1.20407705118
mag_beta_c = 100.0
r_int = 0.105606579349
r_mb_real = 2.2140879831e-314
l_mb = 1.20407705118
r_c = 0.425139204841
h_c = 1.97492091965
epsilon_c = 0.731190689737
r_cusp = 0.105681957084
r_center = 0.425139204841
W_cusp = -1.66520378321e-05
W_center = -0.685464862983
r_max_dens = 0.418914175806
density_max = 1.00016559951
r_max_mag_press = 0.566689882124
mag_pressure_max = 0.00270625895346
r_max_press = 0.418914175806
pressure_max = 0.243784046872
r_max_total_press = 0.420464750588
total_pressure_max = 0.246198548215
r_max_sp_energy = 0.418914175806
specific_internal_energy_max = 0.731231049115
r_max_sp_enth = 0.418914175806
specific_enthalpy_max = 1.97497473215
