p_c = 0.0216567922218
mag_p_c = 0.00121785092373
l = 3.01685585031
mag_beta_c = 17.7827941004
r_int = 1.9462863345
r_mb_real = 2.14956658284e-314
l_mb = 3.01685585031
r_c = 4.91124046632
h_c = 1.08662716889
epsilon_c = 0.0649703766653
r_cusp = 1.94684681898
r_center = 4.91124046632
W_cusp = -1.08759384503e-07
W_center = -0.0875616081841
r_max_dens = 4.79223303642
density_max = 1.00159366278
r_max_mag_press = 5.42231189074
mag_pressure_max = 0.00125428398686
r_max_press = 4.79223303642
pressure_max = 0.0217028226053
r_max_total_press = 4.82046301551
total_pressure_max = 0.0229023587244
r_max_sp_energy = 4.79223303642
specific_internal_energy_max = 0.0650048719709
r_max_sp_enth = 4.79223303642
specific_enthalpy_max = 1.08667316263
