p_c = 0.173019389319
mag_p_c = 1.73019388695e-05
l = 2.00063426218
mag_beta_c = 10000.0
r_int = 0.00111541391944
r_mb_real = 2.17061703623e-314
l_mb = 2.00063426218
r_c = 0.0368867500569
h_c = 1.69207757099
epsilon_c = 0.519058178243
r_cusp = 0.00119989331725
r_center = 0.0368867500569
W_cusp = -0.0051021124477
W_center = -0.525998006927
r_max_dens = 0.0368867500569
density_max = 0.999999980182
r_max_mag_press = 0.231850098963
mag_pressure_max = 3.52776422814e-05
r_max_press = 0.0368867500569
pressure_max = 0.173019389319
r_max_total_press = 0.0368867500569
total_pressure_max = 0.173036691258
r_max_sp_energy = 0.0368867500569
specific_internal_energy_max = 0.519058178243
r_max_sp_enth = 0.0368867500569
specific_enthalpy_max = 1.69207757099
