p_c = 0.00188860699191
mag_p_c = 0.106204138726
l = 2.02000000769
mag_beta_c = 0.0177827941004
r_int = 0.0342292645894
r_mb_real = 2.14424629424e-314
l_mb = 2.02000000769
r_c = 0.242054631617
h_c = 1.00755522056
epsilon_c = 0.00566641541764
r_cusp = 0.034307409192
r_center = 0.242054631617
W_cusp = -1.96790651451e-05
W_center = -0.429202098564
r_max_dens = 0.0709972182121
density_max = 5.6519990837
r_max_mag_press = 0.0823570441417
mag_pressure_max = 0.444686797531
r_max_press = 0.0709972182121
pressure_max = 0.0190168444263
r_max_total_press = 0.0817768544328
total_pressure_max = 0.462527121438
r_max_sp_energy = 0.0709972182121
specific_internal_energy_max = 0.0100938681047
r_max_sp_enth = 0.0709972182121
specific_enthalpy_max = 1.01345849081
