p_c = 0.0441143327521
mag_p_c = 0.0784480531084
l = 2.02000000769
mag_beta_c = 0.56234132519
r_int = 0.0342292645894
r_mb_real = 2.19405747092e-314
l_mb = 2.02000000769
r_c = 0.242054631617
h_c = 1.17644236599
epsilon_c = 0.132331774491
r_cusp = 0.034307409192
r_center = 0.242054631617
W_cusp = -1.96790651451e-05
W_center = -0.429202098564
r_max_dens = 0.101989260044
density_max = 1.94656816571
r_max_mag_press = 0.130936216834
mag_pressure_max = 0.115412657686
r_max_press = 0.101989260044
pressure_max = 0.107207069771
r_max_total_press = 0.115332273199
total_pressure_max = 0.217477759755
r_max_sp_energy = 0.101989260044
specific_internal_energy_max = 0.165224734986
r_max_sp_enth = 0.101989260044
specific_enthalpy_max = 1.22029964665
