p_c = 0.00231855650712
mag_p_c = 0.130381982286
l = 2.00063426218
mag_beta_c = 0.0177827941004
r_int = 0.00111541391944
r_mb_real = 2.22534781031e-314
l_mb = 2.00063426218
r_c = 0.0368867500569
h_c = 1.00927477617
epsilon_c = 0.00695608213112
r_cusp = 0.00119989331725
r_center = 0.0368867500569
W_cusp = -0.0051021124477
W_center = -0.525998006927
r_max_dens = 0.00243942978991
density_max = 69.1309211194
r_max_mag_press = 0.00281689074246
mag_pressure_max = 5.73815272558
r_max_press = 0.00243942978991
pressure_max = 0.657882738716
r_max_total_press = 0.00281689074246
total_pressure_max = 6.35378093388
r_max_sp_energy = 0.00243942978991
specific_internal_energy_max = 0.0285494274369
r_max_sp_enth = 0.00243942978991
specific_enthalpy_max = 1.03806590325
