p_c = 0.0999741832107
mag_p_c = 0.00562196146715
l = 2.0632455533
mag_beta_c = 17.7827941004
r_int = 0.108958294315
r_mb_real = 2.16400563157e-314
l_mb = 2.0632455533
r_c = 0.496955955548
h_c = 1.39989673284
epsilon_c = 0.299922549632
r_cusp = 0.109044255896
r_center = 0.496955955548
W_cusp = -3.43793665531e-06
W_center = -0.352462403606
r_max_dens = 0.465724726238
density_max = 1.00384887865
r_max_mag_press = 0.629799073231
mag_pressure_max = 0.00600023290581
r_max_press = 0.465724726238
pressure_max = 0.100487563374
r_max_total_press = 0.472979112773
total_pressure_max = 0.105906776771
r_max_sp_energy = 0.465724726238
specific_internal_energy_max = 0.300306845516
r_max_sp_enth = 0.465724726238
specific_enthalpy_max = 1.40040912735
