p_c = 0.000246016662816
mag_p_c = 0.0437486342636
l = 2.39574673992
mag_beta_c = 0.0056234132519
r_int = 0.711943198995
r_mb_real = 2.18099048596e-314
l_mb = 2.39574673992
r_c = 1.98271213881
h_c = 1.00098418699
epsilon_c = 0.000738140239798
r_cusp = 0.712118341275
r_center = 1.98271213881
W_cusp = -1.0341537752e-07
W_center = -0.175827559945
r_max_dens = 1.29527132499
density_max = 1.83663699596
r_max_mag_press = 1.39434317955
mag_pressure_max = 0.0708800508773
r_max_press = 1.29527132499
pressure_max = 0.000553434759586
r_max_total_press = 1.39370829221
total_pressure_max = 0.0714150107515
r_max_sp_energy = 1.29527132499
specific_internal_energy_max = 0.000903991524951
r_max_sp_enth = 1.29527132499
specific_enthalpy_max = 1.00120532203
