p_c = 7.39185921666e-05
mag_p_c = 0.131447908296
l = 2.00063426218
mag_beta_c = 0.00056234132519
r_int = 0.00111541391944
r_mb_real = 2.12765605997e-314
l_mb = 2.00063426218
r_c = 0.0368867500569
h_c = 1.00029571157
epsilon_c = 0.000221783680783
r_cusp = 0.00119989331725
r_center = 0.0368867500569
W_cusp = -0.0051021124477
W_center = -0.525998006927
r_max_dens = 0.00219271785158
density_max = 95.7923973371
r_max_mag_press = 0.00269026088714
mag_pressure_max = 8.12819329193
r_max_press = 0.00219271785158
pressure_max = 0.0324041974791
r_max_total_press = 0.00269026088714
total_pressure_max = 8.15786932477
r_max_sp_energy = 0.00219271785158
specific_internal_energy_max = 0.00101482576008
r_max_sp_enth = 0.00219271785158
specific_enthalpy_max = 1.00135310101
