energy_density_max = 34.7889606816
total_ang_mom_dens_max = 21.3379402437
r_max_energy_density = 0.171573823095
r_max_total_ang_mom_dens = 0.172839331616
peri_r_max_energy_density = 0.738327192728
peri_r_max_total_ang_mom_dens = 0.739446053056
