p_c = 0.0251938600677
mag_p_c = 0.00840029838602
l = 2.65069628907
mag_beta_c = 2.99916251899
r_int = 1.20439326868
r_mb_real = 2.21085007448e-314
l_mb = 2.65069628907
r_c = 3.12953703841
h_c = 1.10077544027
epsilon_c = 0.075581580203
r_cusp = 1.20468367169
r_center = 3.12953703841
W_cusp = -1.95636367743e-07
W_center = -0.126539898251
r_max_dens = 2.79277903216
density_max = 1.03605368516
r_max_mag_press = 3.1213924576
mag_pressure_max = 0.00840049757438
r_max_press = 2.79277903216
pressure_max = 0.0264121887738
r_max_total_press = 2.86301125101
total_pressure_max = 0.0345344575906
r_max_sp_energy = 2.79277903216
specific_internal_energy_max = 0.0764792089991
r_max_sp_enth = 2.79277903216
specific_enthalpy_max = 1.10197227867
