p_c = 0.0480340849256
mag_p_c = 0.1518960425
l = 1.20407705118
mag_beta_c = 0.316227766017
r_int = 0.105606579349
r_mb_real = 2.25002067397e-314
l_mb = 1.20407705118
r_c = 0.425139204841
h_c = 1.19215525466
epsilon_c = 0.144116440994
r_cusp = 0.105681957084
r_center = 0.425139204841
W_cusp = -1.66520378321e-05
W_center = -0.685464862983
r_max_dens = 0.20327484163
density_max = 2.16962496664
r_max_mag_press = 0.234970957964
mag_pressure_max = 0.263896360139
r_max_press = 0.20327484163
pressure_max = 0.134933385686
r_max_total_press = 0.222976922051
total_pressure_max = 0.393266327712
r_max_sp_energy = 0.20327484163
specific_internal_energy_max = 0.18657609646
r_max_sp_enth = 0.20327484163
specific_enthalpy_max = 1.24876812861
