p_c = 0.00158199635831
mag_p_c = 0.0500271233283
l = 0.933434197827
mag_beta_c = 0.0316227766017
r_int = 0.280238763035
r_mb_real = 2.1979045111e-314
l_mb = 0.933434197827
r_c = 0.812681112752
h_c = 1.00632771817
epsilon_c = 0.00474578863008
r_cusp = 0.280351920522
r_center = 0.812681112752
W_cusp = -2.03144424749e-07
W_center = -0.205149608994
r_max_dens = 0.511559674175
density_max = 1.91908801562
r_max_mag_press = 0.553498644513
mag_pressure_max = 0.0836797614032
r_max_press = 0.511559674175
pressure_max = 0.00377260104228
r_max_total_press = 0.551281333554
total_pressure_max = 0.0873226386358
r_max_sp_energy = 0.511559674175
specific_internal_energy_max = 0.00589749038851
r_max_sp_enth = 0.511559674175
specific_enthalpy_max = 1.00786332052
