p_c = 1.27292457202e-05
mag_p_c = 0.0402534094125
l = 2.45746184609
mag_beta_c = 0.000316227766017
r_int = 0.829031973588
r_mb_real = 2.18751284813e-314
l_mb = 2.45746184609
r_c = 2.25402271659
h_c = 1.00005091471
epsilon_c = 3.8186034673e-05
r_cusp = 0.829230666804
r_center = 2.25402271659
W_cusp = -2.26500975874e-07
W_center = -0.161049175568
r_max_dens = 1.49880613845
density_max = 1.79663810989
r_max_mag_press = 1.60861315128
mag_pressure_max = 0.0641454518965
r_max_press = 1.49880613845
pressure_max = 2.7800823717e-05
r_max_total_press = 1.60861315128
total_pressure_max = 0.0641723561824
r_max_sp_energy = 1.49880613845
specific_internal_energy_max = 4.64214082357e-05
r_max_sp_enth = 1.49880613845
specific_enthalpy_max = 1.00006189521
