p_c = 0.0257617849716
mag_p_c = 0.00858965954945
l = 2.6324555397
mag_beta_c = 2.99916251899
r_int = 1.16843707618
r_mb_real = 2.20333407911e-314
l_mb = 2.6324555397
r_c = 3.04476918435
h_c = 1.10304713989
epsilon_c = 0.0772853549148
r_cusp = 1.16871754501
r_center = 3.04476918435
W_cusp = -2.16289985962e-07
W_center = -0.12922531663
r_max_dens = 2.71454390883
density_max = 1.03625731151
r_max_mag_press = 3.03695275618
mag_pressure_max = 0.00858985642001
r_max_press = 2.71454390883
pressure_max = 0.027014655151
r_max_total_press = 2.78357052057
total_pressure_max = 0.0353180264366
r_max_sp_energy = 2.71454390883
specific_internal_energy_max = 0.0782083412612
r_max_sp_enth = 2.71454390883
specific_enthalpy_max = 1.10427778835
