p_c = 0.00963153123077
mag_p_c = 0.0541622390065
l = 2.20000000981
mag_beta_c = 0.177827941004
r_int = 0.351018639411
r_mb_real = 2.24538439357e-314
l_mb = 2.20000000981
r_c = 1.13078114698
h_c = 1.03851927975
epsilon_c = 0.0288894598097
r_cusp = 0.351134497411
r_center = 1.13078114698
W_cusp = -7.26960105002e-08
W_center = -0.246372184676
r_max_dens = 0.705437814812
density_max = 1.72620904493
r_max_mag_press = 0.780802330318
mag_pressure_max = 0.0800838687841
r_max_press = 0.705437814812
pressure_max = 0.0199396237962
r_max_total_press = 0.764310614582
total_pressure_max = 0.0993215025207
r_max_sp_energy = 0.705437814812
specific_internal_energy_max = 0.0346533182434
r_max_sp_enth = 0.705437814812
specific_enthalpy_max = 1.04620442432
