energy_density_max = 5.61795270909
total_ang_mom_dens_max = 3.12256947204
r_max_energy_density = 0.470221519474
r_max_total_ang_mom_dens = 0.482090246211
peri_r_max_energy_density = 0.938523276013
peri_r_max_total_ang_mom_dens = 0.947051751073
