p_c = 0.0223608319339
mag_p_c = 0.125744496796
l = 1.15912817057
mag_beta_c = 0.177827941004
r_int = 0.116622670216
r_mb_real = 2.13975774342e-314
l_mb = 1.15912817057
r_c = 0.451770692735
h_c = 1.08943751492
epsilon_c = 0.0670781361865
r_cusp = 0.116699760684
r_center = 0.451770692735
W_cusp = -1.18145045768e-06
W_center = -0.547317460947
r_max_dens = 0.218119775612
density_max = 2.44968469177
r_max_mag_press = 0.246599988798
mag_pressure_max = 0.24866532947
r_max_press = 0.218119775612
pressure_max = 0.0738352769383
r_max_total_press = 0.239176412604
total_pressure_max = 0.319362097827
r_max_sp_energy = 0.218119775612
specific_internal_energy_max = 0.0904221802744
r_max_sp_enth = 0.218119775612
specific_enthalpy_max = 1.12056290703
