p_c = 8.14610316789e-05
mag_p_c = 0.0458089022135
l = 2.36711935577
mag_beta_c = 0.00177827941004
r_int = 0.658272243274
r_mb_real = 2.19604676103e-314
l_mb = 2.36711935577
r_c = 1.856947682
h_c = 1.00032595672
epsilon_c = 0.000244467541445
r_cusp = 0.658437408234
r_center = 1.856947682
W_cusp = -3.6073961847e-07
W_center = -0.183565101352
r_max_dens = 1.19843457297
density_max = 1.87333130519
r_max_mag_press = 1.29223840951
mag_pressure_max = 0.075500992997
r_max_press = 1.19843457297
pressure_max = 0.000188207135951
r_max_total_press = 1.2916551718
total_pressure_max = 0.075682769533
r_max_sp_energy = 1.19843457297
specific_internal_energy_max = 0.000301399654341
r_max_sp_enth = 1.19843457297
specific_enthalpy_max = 1.00040186621
