p_c = 0.022858999244
mag_p_c = 0.072286115056
l = 2.0632455533
mag_beta_c = 0.316227766017
r_int = 0.108958294315
r_mb_real = 2.2159376384e-314
l_mb = 2.0632455533
r_c = 0.496955955548
h_c = 1.09144916311
epsilon_c = 0.0685868723344
r_cusp = 0.109044255896
r_center = 0.496955955548
W_cusp = -3.43793665531e-06
W_center = -0.352462403606
r_max_dens = 0.256488761328
density_max = 1.9052153156
r_max_mag_press = 0.300151513951
mag_pressure_max = 0.111219509002
r_max_press = 0.256488761328
pressure_max = 0.0540006938139
r_max_total_press = 0.28440534391
total_pressure_max = 0.162904925874
r_max_sp_energy = 0.256488761328
specific_internal_energy_max = 0.0850308519543
r_max_sp_enth = 0.256488761328
specific_enthalpy_max = 1.11337446927
