p_c = 0.0024174327299
mag_p_c = 0.0135942208852
l = 3.41421357534
mag_beta_c = 0.177827941004
r_int = 2.78047018589
r_mb_real = 2.14395083508e-314
l_mb = 3.41421357534
r_c = 7.03285949425
h_c = 1.0096701259
epsilon_c = 0.00725259442761
r_cusp = 2.78152120646
r_center = 7.03285949425
W_cusp = -1.86897889679e-07
W_center = -0.0634819577585
r_max_dens = 5.34065911514
density_max = 1.36010739188
r_max_mag_press = 5.68946272191
mag_pressure_max = 0.0168842212417
r_max_press = 5.34065911514
pressure_max = 0.00364313824518
r_max_total_press = 5.62228080465
total_pressure_max = 0.0204491939137
r_max_sp_energy = 5.34065911514
specific_internal_energy_max = 0.00803569982839
r_max_sp_enth = 5.34065911514
specific_enthalpy_max = 1.01071426644
