p_c = 0.324311864013
mag_p_c = 0.00010255641625
l = 1.19854613723
mag_beta_c = 3162.27766017
r_int = 0.104537220829
r_mb_real = 2.23841884266e-314
l_mb = 1.19854613723
r_c = 0.433729267781
h_c = 2.29724745605
epsilon_c = 0.97293559204
r_cusp = 0.104617548939
r_center = 0.433729267781
W_cusp = -2.16163476906e-05
W_center = -0.831890220704
r_max_dens = 0.433729267781
density_max = 1.0
r_max_mag_press = 0.533991356161
mag_pressure_max = 0.000111281503664
r_max_press = 0.433729267781
pressure_max = 0.324311864013
r_max_total_press = 0.433729267781
total_pressure_max = 0.32441442043
r_max_sp_energy = 0.433729267781
specific_internal_energy_max = 0.97293559204
r_max_sp_enth = 0.433729267781
specific_enthalpy_max = 2.29724745605
