r_H = 0.638430931536
W_H = 0.0
M_H = 1.0
J_H = 0.947682165293
M_ADM = 1.0
J_ADM = 0.947682165293
M_SF = 0.0
J_SF = 0.0
m = 1.0
a_star = 0.947682165293
a_star_H = 0.947682165293
l_k_H = 2.45746184412
l_k_ADM = 2.45746184412
l = 2.45746184609
rho_c = 0.999700415049
gamma = 1.33333333333
q = 1.33333333333
mag_beta_c = 0.0001
v_H = 0.718367992101
a_eq = 0.947682165293
