p_c = 0.014561058874
mag_p_c = 0.00818828514335
l = 3.01685585031
mag_beta_c = 1.77827941004
r_int = 1.9462863345
r_mb_real = 2.22249440335e-314
l_mb = 3.01685585031
r_c = 4.91124046632
h_c = 1.0582442355
epsilon_c = 0.0436831766219
r_cusp = 1.94684681898
r_center = 4.91124046632
W_cusp = -1.08759384503e-07
W_center = -0.0875616081841
r_max_dens = 4.26372861586
density_max = 1.06593623199
r_max_mag_press = 4.67466907326
mag_pressure_max = 0.00826286547299
r_max_press = 4.26372861586
pressure_max = 0.0158550612385
r_max_total_press = 4.39292029683
total_pressure_max = 0.0239186720668
r_max_sp_energy = 4.26372861586
specific_internal_energy_max = 0.0446229167262
r_max_sp_enth = 4.26372861586
specific_enthalpy_max = 1.0594972223
