p_c = 0.0696236670236
mag_p_c = 0.000220169366848
l = 2.20000000981
mag_beta_c = 316.227766017
r_int = 0.351018639411
r_mb_real = 2.14383953197e-314
l_mb = 2.20000000981
r_c = 1.13078114698
h_c = 1.27849466809
epsilon_c = 0.208871001071
r_cusp = 0.351134497411
r_center = 1.13078114698
W_cusp = -7.26960105002e-08
W_center = -0.246372184676
r_max_dens = 1.12795462885
density_max = 1.00001086054
r_max_mag_press = 1.38434884171
mag_pressure_max = 0.000237025391229
r_max_press = 1.12795462885
pressure_max = 0.0696246752266
r_max_total_press = 1.12851926451
total_pressure_max = 0.0698444418117
r_max_sp_energy = 1.12795462885
specific_internal_energy_max = 0.208871757219
r_max_sp_enth = 1.12795462885
specific_enthalpy_max = 1.27849567629
