p_c = 0.035330984413
mag_p_c = 0.0628274676296
l = 2.0632455533
mag_beta_c = 0.56234132519
r_int = 0.108958294315
r_mb_real = 2.14317373701e-314
l_mb = 2.0632455533
r_c = 0.496955955548
h_c = 1.14136049334
epsilon_c = 0.106020370001
r_cusp = 0.109044255896
r_center = 0.496955955548
W_cusp = -3.43793665531e-06
W_center = -0.352462403606
r_max_dens = 0.279939266693
density_max = 1.57493351215
r_max_mag_press = 0.333825804009
mag_pressure_max = 0.0811533675781
r_max_press = 0.279939266693
pressure_max = 0.0647622308898
r_max_total_press = 0.30757053765
total_pressure_max = 0.143439545749
r_max_sp_energy = 0.279939266693
specific_internal_energy_max = 0.123361837926
r_max_sp_enth = 0.279939266693
specific_enthalpy_max = 1.16448245057
