p_c = 0.000383149445692
mag_p_c = 0.021546080432
l = 3.01685585031
mag_beta_c = 0.0177827941004
r_int = 1.9462863345
r_mb_real = 2.23876287045e-314
l_mb = 3.01685585031
r_c = 4.91124046632
h_c = 1.00153220777
epsilon_c = 0.00114915582835
r_cusp = 1.94684681898
r_center = 4.91124046632
W_cusp = -1.08759384503e-07
W_center = -0.0875616081841
r_max_dens = 3.5384449505
density_max = 1.56426601748
r_max_mag_press = 3.76063746118
mag_pressure_max = 0.0306023715267
r_max_press = 3.5384449505
pressure_max = 0.000695507214868
r_max_total_press = 3.75304906386
total_pressure_max = 0.0312799646057
r_max_sp_energy = 3.5384449505
specific_internal_energy_max = 0.00133386624864
r_max_sp_enth = 3.5384449505
specific_enthalpy_max = 1.00177848833
