p_c = 0.0109720462117
mag_p_c = 0.0346969534389
l = 2.39574673992
mag_beta_c = 0.316227766017
r_int = 0.711943198995
r_mb_real = 2.21261271099e-314
l_mb = 2.39574673992
r_c = 1.98271213881
h_c = 1.04386808655
epsilon_c = 0.0329010649107
r_cusp = 0.712118341275
r_center = 1.98271213881
W_cusp = -1.0341537752e-07
W_center = -0.175827559945
r_max_dens = 1.41359607743
density_max = 1.4157198029
r_max_mag_press = 1.54320600618
mag_pressure_max = 0.0434362677558
r_max_press = 1.41359607743
pressure_max = 0.0174311269954
r_max_total_press = 1.50328392119
total_pressure_max = 0.0603978536759
r_max_sp_energy = 1.41359607743
specific_internal_energy_max = 0.0369376630029
r_max_sp_enth = 1.41359607743
specific_enthalpy_max = 1.04925021734
