energy_density_max = 10.2075954867
total_ang_mom_dens_max = 6.81410079932
r_max_energy_density = 0.207787327341
r_max_total_ang_mom_dens = 0.214415076363
peri_r_max_energy_density = 0.717054771382
peri_r_max_total_ang_mom_dens = 0.727158378126
