p_c = 0.0130572449753
mag_p_c = 0.130572215222
l = 1.15912817057
mag_beta_c = 0.1
r_int = 0.116622670216
r_mb_real = 2.16427275903e-314
l_mb = 1.15912817057
r_c = 0.451770692735
h_c = 1.05223323216
epsilon_c = 0.0391749241209
r_cusp = 0.116699760684
r_center = 0.451770692735
W_cusp = -1.18145045768e-06
W_center = -0.547317460947
r_max_dens = 0.209959139445
density_max = 2.83489102561
r_max_mag_press = 0.234898433818
mag_pressure_max = 0.298523555051
r_max_press = 0.209959139445
pressure_max = 0.052393875084
r_max_total_press = 0.230670474287
total_pressure_max = 0.348584389545
r_max_sp_energy = 0.209959139445
specific_internal_energy_max = 0.0554453853189
r_max_sp_enth = 0.209959139445
specific_enthalpy_max = 1.07392718043
