energy_density_max = 7.71853003639
total_ang_mom_dens_max = 4.54843991369
r_max_energy_density = 0.30132102091
r_max_total_ang_mom_dens = 0.312751257921
peri_r_max_energy_density = 0.966596928324
peri_r_max_total_ang_mom_dens = 1.00085593095
