p_c = 0.00154870697466
mag_p_c = 0.0870901450318
l = 2.0632455533
mag_beta_c = 0.0177827941004
r_int = 0.108958294315
r_mb_real = 2.20632509719e-314
l_mb = 2.0632455533
r_c = 0.496955955548
h_c = 1.00619608109
epsilon_c = 0.00464706081416
r_cusp = 0.109044255896
r_center = 0.496955955548
W_cusp = -3.43793665531e-06
W_center = -0.352462403606
r_max_dens = 0.217289485993
density_max = 3.15629587917
r_max_mag_press = 0.24548809906
mag_pressure_max = 0.219797586938
r_max_press = 0.217289485993
pressure_max = 0.00717227051369
r_max_total_press = 0.244366071794
total_pressure_max = 0.226594078898
r_max_sp_energy = 0.217289485993
specific_internal_energy_max = 0.00681710852366
r_max_sp_enth = 0.217289485993
specific_enthalpy_max = 1.00908947803
