p_c = 0.0163334094388
mag_p_c = 5.16507757828e-05
l = 3.41421357534
mag_beta_c = 316.227766017
r_int = 2.78047018589
r_mb_real = 2.13270112633e-314
l_mb = 3.41421357534
r_c = 7.03285949425
h_c = 1.06533363776
epsilon_c = 0.0490002283165
r_cusp = 2.78152120646
r_center = 7.03285949425
W_cusp = -1.86897889679e-07
W_center = -0.0634819577585
r_max_dens = 7.01711936401
density_max = 1.00000701654
r_max_mag_press = 7.96614296014
mag_pressure_max = 5.40468073074e-05
r_max_press = 7.01711936401
pressure_max = 0.0163335622444
r_max_total_press = 7.0249809586
total_pressure_max = 0.0163851619039
r_max_sp_energy = 7.01711936401
specific_internal_energy_max = 0.0490003429203
r_max_sp_enth = 7.01711936401
specific_enthalpy_max = 1.06533379056
