r_max_field_energy_density = 0.422622004704
field_energy_density_max = 2.18326201377
peri_r_max_field_energy_density = 1.30950330708
peri_field_energy_density_max = 2.18326201377
