energy_density_max = 111.238631735
total_ang_mom_dens_max = 53.3519756084
r_max_energy_density = 0.0680787914404
r_max_total_ang_mom_dens = 0.0684384643011
peri_r_max_energy_density = 0.230646028649
peri_r_max_total_ang_mom_dens = 0.231787690085
