p_c = 2.86384922819e-05
mag_p_c = 0.0905628636645
l = 1.06402371083
mag_beta_c = 0.000316227766017
r_int = 0.132875451826
r_mb_real = 2.13473696137e-314
l_mb = 1.06402371083
r_c = 0.470297980931
h_c = 1.00011457134
epsilon_c = 8.59285073701e-05
r_cusp = 0.132960228361
r_center = 0.470297980931
W_cusp = -1.97717356487e-06
W_center = -0.362379455778
r_max_dens = 0.240042965136
density_max = 2.73873190252
r_max_mag_press = 0.264144004975
mag_pressure_max = 0.205956153982
r_max_press = 0.240042965136
pressure_max = 0.000109758289069
r_max_total_press = 0.264144004975
total_pressure_max = 0.206060971424
r_max_sp_energy = 0.240042965136
specific_internal_energy_max = 0.000120228952277
r_max_sp_enth = 0.240042965136
specific_enthalpy_max = 1.00016030527
