p_c = 3.84979995364e-05
mag_p_c = 0.0121741356186
l = 3.79687967765
mag_beta_c = 0.00316227766017
r_int = 3.58553996203
r_mb_real = 2.15888164119e-314
l_mb = 3.79687967765
r_c = 9.24084455661
h_c = 1.00015413441
epsilon_c = 0.000115600804841
r_cusp = 3.58732545471
r_center = 9.24084455661
W_cusp = -1.90610108503e-07
W_center = -0.0488881868661
r_max_dens = 6.78620727682
density_max = 1.492694177
r_max_mag_press = 7.18820402977
mag_pressure_max = 0.0167267462269
r_max_press = 6.78620727682
pressure_max = 6.57558709703e-05
r_max_total_press = 7.18820402977
total_pressure_max = 0.0167909743849
r_max_sp_energy = 6.78620727682
specific_internal_energy_max = 0.000132155411303
r_max_sp_enth = 6.78620727682
specific_enthalpy_max = 1.00017620722
