r_H = 0.895540742432
W_H = 0.0
M_H = 1.0
J_H = 0.894148586456
M_ADM = 1.0
J_ADM = 0.894148586456
M_SF = 0.0
J_SF = 0.0
m = 1.0
a_star = 0.894148586456
a_star_H = 0.894148586456
l_k_H = 2.65069628413
l_k_ADM = 2.65069628413
l = 2.65069628907
rho_c = 1.0
gamma = 1.33333333333
q = 1.33333333333
mag_beta_c = 10.0
v_H = 0.617603871604
a_eq = 0.894148586456
