p_c = 0.105582164675
mag_p_c = 5.93732143996e-05
l = 2.0632455533
mag_beta_c = 1778.27941004
r_int = 0.108958294315
r_mb_real = 2.25676968974e-314
l_mb = 2.0632455533
r_c = 0.496955955548
h_c = 1.4223286587
epsilon_c = 0.316746494024
r_cusp = 0.109044255896
r_center = 0.496955955548
W_cusp = -3.43793665531e-06
W_center = -0.352462403606
r_max_dens = 0.496665575881
density_max = 1.00000041622
r_max_mag_press = 0.686693240929
mag_pressure_max = 6.65409602857e-05
r_max_press = 0.496665575881
pressure_max = 0.105582223268
r_max_total_press = 0.496665575881
total_pressure_max = 0.10564157085
r_max_sp_energy = 0.496665575881
specific_internal_energy_max = 0.316746537969
r_max_sp_enth = 0.496665575881
specific_enthalpy_max = 1.42232871729
