p_c = 0.165649219584
mag_p_c = 5.23828826434e-05
l = 2.00200033169
mag_beta_c = 3162.27766017
r_int = 0.00338976218366
r_mb_real = 2.20373881768e-314
l_mb = 2.00200033169
r_c = 0.0672994897634
h_c = 1.66259687892
epsilon_c = 0.496947659189
r_cusp = 0.00346525722239
r_center = 0.0672994897634
W_cusp = -0.000816278093025
W_center = -0.508506791543
r_max_dens = 0.067147930544
density_max = 1.00000112269
r_max_mag_press = 0.248664719656
mag_pressure_max = 8.39545781961e-05
r_max_press = 0.067147930544
pressure_max = 0.165649467741
r_max_total_press = 0.067147930544
total_pressure_max = 0.165701770312
r_max_sp_energy = 0.067147930544
specific_internal_energy_max = 0.496947845307
r_max_sp_enth = 0.067147930544
specific_enthalpy_max = 1.66259712708
