p_c = 0.00246685391442
mag_p_c = 0.0438675653884
l = 2.36711935577
mag_beta_c = 0.056234132519
r_int = 0.658272243274
r_mb_real = 2.22039381013e-314
l_mb = 2.36711935577
r_c = 1.856947682
h_c = 1.00986688977
epsilon_c = 0.00740016732592
r_cusp = 0.658437408234
r_center = 1.856947682
W_cusp = -3.6073961847e-07
W_center = -0.183565101352
r_max_dens = 1.22278919143
density_max = 1.75028353604
r_max_mag_press = 1.32250688935
mag_pressure_max = 0.0674626763824
r_max_press = 1.22278919143
pressure_max = 0.00520303938057
r_max_total_press = 1.31409460619
total_pressure_max = 0.0724957952778
r_max_sp_energy = 1.22278919143
specific_internal_energy_max = 0.00891805117304
r_max_sp_enth = 1.22278919143
specific_enthalpy_max = 1.0118907349
