p_c = 0.107301956589
mag_p_c = 0.0603403243293
l = 2.00063426218
mag_beta_c = 1.77827941004
r_int = 0.00111541391944
r_mb_real = 2.22543078172e-314
l_mb = 2.00063426218
r_c = 0.0368867500569
h_c = 1.42920783351
epsilon_c = 0.321905875135
r_cusp = 0.00119989331725
r_center = 0.0368867500569
W_cusp = -0.0051021124477
W_center = -0.525998006927
r_max_dens = 0.00837507480321
density_max = 1.77347397088
r_max_mag_press = 0.0201299415194
mag_pressure_max = 0.0673369265065
r_max_press = 0.00837507480321
pressure_max = 0.230342499845
r_max_total_press = 0.00972449628708
total_pressure_max = 0.283754602186
r_max_sp_energy = 0.00837507480321
specific_internal_energy_max = 0.38964625976
r_max_sp_enth = 0.00837507480321
specific_enthalpy_max = 1.51952834635
