p_c = 0.1326787678
mag_p_c = 0.001326787678
l = 2.02000000769
mag_beta_c = 100.0
r_int = 0.0342292645894
r_mb_real = 2.23691119146e-314
l_mb = 2.02000000769
r_c = 0.242054631617
h_c = 1.5307150712
epsilon_c = 0.398036303399
r_cusp = 0.034307409192
r_center = 0.242054631617
W_cusp = -1.96790651451e-05
W_center = -0.429202098564
r_max_dens = 0.236987921644
density_max = 1.00022014312
r_max_mag_press = 0.399437904911
mag_pressure_max = 0.00156520064516
r_max_press = 0.236987921644
pressure_max = 0.132717713653
r_max_total_press = 0.238199987977
total_pressure_max = 0.134027606266
r_max_sp_energy = 0.236987921644
specific_internal_energy_max = 0.398065509574
r_max_sp_enth = 0.236987921644
specific_enthalpy_max = 1.53075401277
