p_c = 0.000572712829259
mag_p_c = 0.0322060155879
l = 2.62211129261
mag_beta_c = 0.0177827941004
r_int = 1.14806422021
r_mb_real = 2.23869001751e-314
l_mb = 2.62211129261
r_c = 2.99830015116
h_c = 1.00229039947
epsilon_c = 0.00171779960066
r_cusp = 1.14833915964
r_center = 2.99830015116
W_cusp = -1.99954178118e-07
W_center = -0.130792107242
r_max_dens = 2.07599432053
density_max = 1.67149354986
r_max_mag_press = 2.21895563987
mag_pressure_max = 0.0482163028204
r_max_press = 2.07599432053
pressure_max = 0.00113578368618
r_max_total_press = 2.21554069993
total_pressure_max = 0.0493189221473
r_max_sp_energy = 2.07599432053
specific_internal_energy_max = 0.00203850685444
r_max_sp_enth = 2.07599432053
specific_enthalpy_max = 1.00271800914
