p_c = 0.012312679878
mag_p_c = 0.00218953851095
l = 3.57984163105
mag_beta_c = 5.6234132519
r_int = 3.1298157959
r_mb_real = 2.17791649647e-314
l_mb = 3.57984163105
r_c = 7.97345443704
h_c = 1.04925071951
epsilon_c = 0.0369380396341
r_cusp = 3.13114819178
r_center = 7.97345443704
W_cusp = -1.16412385532e-08
W_center = -0.0564233645228
r_max_dens = 7.48750037561
density_max = 1.01122572618
r_max_mag_press = 8.32545253909
mag_pressure_max = 0.00220324468349
r_max_press = 7.48750037561
pressure_max = 0.0124973155204
r_max_total_press = 7.60353137062
total_pressure_max = 0.0146275064967
r_max_sp_energy = 7.48750037561
specific_internal_energy_max = 0.0370757444065
r_max_sp_enth = 7.48750037561
specific_enthalpy_max = 1.04943432588
