p_c = 0.100680029671
mag_p_c = 0.0318378208653
l = 2.02000000769
mag_beta_c = 3.16227766017
r_int = 0.0342292645894
r_mb_real = 2.14701268241e-314
l_mb = 2.02000000769
r_c = 0.242054631617
h_c = 1.40272011868
epsilon_c = 0.302040089012
r_cusp = 0.034307409192
r_center = 0.242054631617
W_cusp = -1.96790651451e-05
W_center = -0.429202098564
r_max_dens = 0.162036540459
density_max = 1.11143089027
r_max_mag_press = 0.239009413158
mag_pressure_max = 0.0318419169083
r_max_press = 0.162036540459
pressure_max = 0.115909745508
r_max_total_press = 0.174890999281
total_pressure_max = 0.144484871814
r_max_sp_energy = 0.162036540459
specific_internal_energy_max = 0.31286626957
r_max_sp_enth = 0.162036540459
specific_enthalpy_max = 1.41715502609
