energy_density_max = 3.93972119568
total_ang_mom_dens_max = 2.29569834962
r_max_energy_density = 0.559424279238
r_max_total_ang_mom_dens = 0.586775431384
peri_r_max_energy_density = 1.00508319232
peri_r_max_total_ang_mom_dens = 1.02650003903
