p_c = 0.101725493884
mag_p_c = 5.72044490361e-05
l = 2.07228917239
mag_beta_c = 1778.27941004
r_int = 0.124730053336
r_mb_real = 2.23212718148e-314
l_mb = 2.07228917239
r_c = 0.543250843368
h_c = 1.40690197554
epsilon_c = 0.305176481651
r_cusp = 0.124817800284
r_center = 0.543250843368
W_cusp = -4.5658672008e-06
W_center = -0.341552746049
r_max_dens = 0.542943245271
density_max = 1.00000034675
r_max_mag_press = 0.737551642417
mag_pressure_max = 6.37493517143e-05
r_max_press = 0.542943245271
pressure_max = 0.101725540914
r_max_total_press = 0.542943245271
total_pressure_max = 0.101782721295
r_max_sp_energy = 0.542943245271
specific_internal_energy_max = 0.305176516925
r_max_sp_enth = 0.542943245271
specific_enthalpy_max = 1.40690202257
