p_c = 7.14854597902e-05
mag_p_c = 0.0401992277991
l = 2.45746184609
mag_beta_c = 0.00177827941004
r_int = 0.829031973588
r_mb_real = 2.15564373257e-314
l_mb = 2.45746184609
r_c = 2.25402271659
h_c = 1.00028596374
epsilon_c = 0.000214472802637
r_cusp = 0.829230666804
r_center = 2.25402271659
W_cusp = -2.26500975874e-07
W_center = -0.161049175568
r_max_dens = 1.49947532936
density_max = 1.79308517973
r_max_mag_press = 1.60936325817
mag_pressure_max = 0.0639373786847
r_max_press = 1.49947532936
pressure_max = 0.000155738726628
r_max_total_press = 1.60936325817
total_pressure_max = 0.0640881098947
r_max_sp_energy = 1.49947532936
specific_internal_energy_max = 0.000260565524251
r_max_sp_enth = 1.49947532936
specific_enthalpy_max = 1.0003474207
