p_c = 0.105308372424
mag_p_c = 0.000333014313546
l = 2.0632455533
mag_beta_c = 316.227766017
r_int = 0.108958294315
r_mb_real = 2.21159884085e-314
l_mb = 2.0632455533
r_c = 0.496955955548
h_c = 1.4212334897
epsilon_c = 0.315925117273
r_cusp = 0.109044255896
r_center = 0.496955955548
W_cusp = -3.43793665531e-06
W_center = -0.352462403606
r_max_dens = 0.494925832633
density_max = 1.00001398503
r_max_mag_press = 0.683342068284
mag_pressure_max = 0.000372168290355
r_max_press = 0.494925832633
pressure_max = 0.105310336083
r_max_total_press = 0.495505264672
total_pressure_max = 0.105642492539
r_max_sp_energy = 0.494925832633
specific_internal_energy_max = 0.315926590007
r_max_sp_enth = 0.494925832633
specific_enthalpy_max = 1.42123545334
