p_c = 5.09354896475e-05
mag_p_c = 0.0905775338517
l = 1.06402371083
mag_beta_c = 0.00056234132519
r_int = 0.132875451826
r_mb_real = 2.14930552645e-314
l_mb = 1.06402371083
r_c = 0.470297980931
h_c = 1.00020370789
epsilon_c = 0.000152780915292
r_cusp = 0.132960228361
r_center = 0.470297980931
W_cusp = -1.97717356487e-06
W_center = -0.362379455778
r_max_dens = 0.240042965136
density_max = 2.7379753483
r_max_mag_press = 0.264329903311
mag_pressure_max = 0.205866172671
r_max_press = 0.240042965136
pressure_max = 0.00019505766454
r_max_total_press = 0.264144004975
total_pressure_max = 0.206052419614
r_max_sp_energy = 0.240042965136
specific_internal_energy_max = 0.000213724712307
r_max_sp_enth = 0.240042965136
specific_enthalpy_max = 1.00028496628
