p_c = 0.165685036934
mag_p_c = 1.65685036908e-05
l = 2.00200033169
mag_beta_c = 10000.0
r_int = 0.00338976218366
r_mb_real = 2.22595491818e-314
l_mb = 2.00200033169
r_c = 0.0672994897634
h_c = 1.66274014832
epsilon_c = 0.497055111238
r_cusp = 0.00346525722239
r_center = 0.0672994897634
W_cusp = -0.000816278093025
W_center = -0.508506791543
r_max_dens = 0.067147930544
density_max = 1.00000012748
r_max_mag_press = 0.249080181901
mag_pressure_max = 2.65881018581e-05
r_max_press = 0.067147930544
pressure_max = 0.16568506529
r_max_total_press = 0.067147930544
total_pressure_max = 0.165701608366
r_max_sp_energy = 0.067147930544
specific_internal_energy_max = 0.497055132505
r_max_sp_enth = 0.067147930544
specific_enthalpy_max = 1.66274017667
