p_c = 0.00173964690494
mag_p_c = 0.3093578633
l = 0.920446895017
mag_beta_c = 0.0056234132519
r_int = 0.0527882972713
r_mb_real = 2.23822254445e-314
l_mb = 0.920446895017
r_c = 0.34546691412
h_c = 1.00695832307
epsilon_c = 0.0052187423036
r_cusp = 0.0528814318956
r_center = 0.34546691412
W_cusp = -0.000170539759153
W_center = -1.23576801229
r_max_dens = 0.0828695643689
density_max = 9.9997636786
r_max_mag_press = 0.0901232098092
mag_pressure_max = 2.34512441629
r_max_press = 0.0828695643689
pressure_max = 0.0374764756778
r_max_total_press = 0.0899838368939
total_pressure_max = 2.38106893662
r_max_sp_energy = 0.0828695643689
specific_internal_energy_max = 0.0112432084044
r_max_sp_enth = 0.0828695643689
specific_enthalpy_max = 1.01499094454
