p_c = 8.51870681387e-06
mag_p_c = 0.0479042086502
l = 2.33944440272
mag_beta_c = 0.000177827941004
r_int = 0.606502586307
r_mb_real = 2.20273506601e-314
l_mb = 2.33944440272
r_c = 1.73694263792
h_c = 1.00003408121
epsilon_c = 2.55609077021e-05
r_cusp = 0.606658435128
r_center = 1.73694263792
W_cusp = -1.20715454827e-07
W_center = -0.191680278022
r_max_dens = 1.10691584257
density_max = 1.9114004165
r_max_mag_press = 1.19530559503
mag_pressure_max = 0.0802918277241
r_max_press = 1.10691584257
pressure_max = 2.0212391477e-05
r_max_total_press = 1.19530559503
total_pressure_max = 0.0803113297421
r_max_sp_energy = 1.10691584257
specific_internal_energy_max = 3.17239516679e-05
r_max_sp_enth = 1.10691584257
specific_enthalpy_max = 1.0000422986
