p_c = 0.181577850684
mag_p_c = 0.0005741995808
l = 1.15912817057
mag_beta_c = 316.227766017
r_int = 0.116622670216
r_mb_real = 2.21053033101e-314
l_mb = 1.15912817057
r_c = 0.451770692735
h_c = 1.72631140274
epsilon_c = 0.544733552053
r_cusp = 0.116699760684
r_center = 0.451770692735
W_cusp = -1.18145045768e-06
W_center = -0.547317460947
r_max_dens = 0.44961775638
density_max = 1.00001736289
r_max_mag_press = 0.655678459115
mag_pressure_max = 0.000655652619294
r_max_press = 0.44961775638
pressure_max = 0.181582054317
r_max_total_press = 0.450155321567
total_pressure_max = 0.182154441226
r_max_sp_energy = 0.44961775638
specific_internal_energy_max = 0.54473670475
r_max_sp_enth = 0.44961775638
specific_enthalpy_max = 1.72631560633
