p_c = 0.0563630327589
mag_p_c = 0.000563630327589
l = 0.933434197827
mag_beta_c = 100.0
r_int = 0.280238763035
r_mb_real = 2.21368122083e-314
l_mb = 0.933434197827
r_c = 0.812681112752
h_c = 1.22545213104
epsilon_c = 0.169089098277
r_cusp = 0.280351920522
r_center = 0.812681112752
W_cusp = -2.03144424749e-07
W_center = -0.205149608994
r_max_dens = 0.806596566747
density_max = 1.00009085868
r_max_mag_press = 0.987923338812
mag_pressure_max = 0.00060383111495
r_max_press = 0.806596566747
pressure_max = 0.0563698609569
r_max_total_press = 0.808214528242
total_pressure_max = 0.0569306313545
r_max_sp_energy = 0.806596566747
specific_internal_energy_max = 0.169094219193
r_max_sp_enth = 0.806596566747
specific_enthalpy_max = 1.22545895892
