p_c = 0.0285924619653
mag_p_c = 0.00508453863953
l = 2.65069628907
mag_beta_c = 5.6234132519
r_int = 1.20439326868
r_mb_real = 2.22388265666e-314
l_mb = 2.65069628907
r_c = 3.12953703841
h_c = 1.11436984786
epsilon_c = 0.0857773858959
r_cusp = 1.20468367169
r_center = 3.12953703841
W_cusp = -1.95636367743e-07
W_center = -0.126539898251
r_max_dens = 2.91094910143
density_max = 1.01349246829
r_max_mag_press = 3.28708196058
mag_pressure_max = 0.00512216023506
r_max_press = 2.91094910143
pressure_max = 0.0291079924012
r_max_total_press = 2.96029076091
total_pressure_max = 0.03402605197
r_max_sp_energy = 2.91094910143
specific_internal_energy_max = 0.0861614466176
r_max_sp_enth = 2.91094910143
specific_enthalpy_max = 1.11488192882
