p_c = 0.153367389483
mag_p_c = 8.62448210431e-05
l = 2.0063246157
mag_beta_c = 1778.27941004
r_int = 0.0107871365282
r_mb_real = 2.20711029003e-314
l_mb = 2.0063246157
r_c = 0.125291558349
h_c = 1.61346955793
epsilon_c = 0.46010216845
r_cusp = 0.0108630832391
r_center = 0.125291558349
W_cusp = -0.000132988643512
W_center = -0.478600677313
r_max_dens = 0.125123441219
density_max = 1.00000066045
r_max_mag_press = 0.295090285094
mag_pressure_max = 0.00011598036552
r_max_press = 0.125123441219
pressure_max = 0.153367524538
r_max_total_press = 0.125123441219
total_pressure_max = 0.153453689311
r_max_sp_energy = 0.125123441219
specific_internal_energy_max = 0.460102269741
r_max_sp_enth = 0.125123441219
specific_enthalpy_max = 1.61346969299
