p_c = 0.055930954688
mag_p_c = 0.000994608651056
l = 0.933434197827
mag_beta_c = 56.234132519
r_int = 0.280238763035
r_mb_real = 2.13358548012e-314
l_mb = 0.933434197827
r_c = 0.812681112752
h_c = 1.22372381875
epsilon_c = 0.167792864064
r_cusp = 0.280351920522
r_center = 0.812681112752
W_cusp = -2.03144424749e-07
W_center = -0.205149608994
r_max_dens = 0.802164266821
density_max = 1.00027366935
r_max_mag_press = 0.979457419368
mag_pressure_max = 0.00106031606318
r_max_press = 0.802164266821
pressure_max = 0.0559513644031
r_max_total_press = 0.804578782954
total_pressure_max = 0.0569374425141
r_max_sp_energy = 0.802164266821
specific_internal_energy_max = 0.167808169256
r_max_sp_enth = 0.802164266821
specific_enthalpy_max = 1.22374422567
