p_c = 0.0343778901719
mag_p_c = 0.000108712434094
l = 2.6324555397
mag_beta_c = 316.227766017
r_int = 1.16843707618
r_mb_real = 2.16107127689e-314
l_mb = 2.6324555397
r_c = 3.04476918435
h_c = 1.13751156069
epsilon_c = 0.103133670516
r_cusp = 1.16871754501
r_center = 3.04476918435
W_cusp = -2.16289985962e-07
W_center = -0.12922531663
r_max_dens = 3.04085667112
density_max = 1.00000452858
r_max_mag_press = 3.51436111142
mag_pressure_max = 0.000114742966216
r_max_press = 3.04085667112
pressure_max = 0.0343780977492
r_max_total_press = 3.04085667112
total_pressure_max = 0.034486699023
r_max_sp_energy = 3.04085667112
specific_internal_energy_max = 0.103133826198
r_max_sp_enth = 3.04085667112
specific_enthalpy_max = 1.13751176826
