p_c = 0.000101893133994
mag_p_c = 0.0322214388318
l = 2.6324555397
mag_beta_c = 0.00316227766017
r_int = 1.16843707618
r_mb_real = 2.22874559067e-314
l_mb = 2.6324555397
r_c = 3.04476918435
h_c = 1.00040752389
epsilon_c = 0.000305642917499
r_cusp = 1.16871754501
r_center = 3.04476918435
W_cusp = -2.16289985962e-07
W_center = -0.12922531663
r_max_dens = 2.10303815262
density_max = 1.69230428772
r_max_mag_press = 2.24485908489
mag_pressure_max = 0.0488906109176
r_max_press = 2.10303815262
pressure_max = 0.000205453593672
r_max_total_press = 2.24485908489
total_pressure_max = 0.0490900260455
r_max_sp_energy = 2.10303815262
specific_internal_energy_max = 0.00036421392151
r_max_sp_enth = 2.10303815262
specific_enthalpy_max = 1.00048561856
