p_c = 0.00584237001081
mag_p_c = 0.103893620228
l = 2.02000000769
mag_beta_c = 0.056234132519
r_int = 0.0342292645894
r_mb_real = 2.22181444254e-314
l_mb = 2.02000000769
r_c = 0.242054631617
h_c = 1.0233704271
epsilon_c = 0.0175278203271
r_cusp = 0.034307409192
r_center = 0.242054631617
W_cusp = -1.96790651451e-05
W_center = -0.429202098564
r_max_dens = 0.0740679748072
density_max = 4.80084279527
r_max_mag_press = 0.0867466176489
mag_pressure_max = 0.369052451795
r_max_press = 0.0740679748072
pressure_max = 0.0473190305112
r_max_total_press = 0.0849828071873
total_pressure_max = 0.413532911669
r_max_sp_energy = 0.0740679748072
specific_internal_energy_max = 0.0295692022395
r_max_sp_enth = 0.0740679748072
specific_enthalpy_max = 1.03942560299
