p_c = 1.27125320669e-05
mag_p_c = 0.127125320779
l = 2.00200033169
mag_beta_c = 0.0001
r_int = 0.00338976218366
r_mb_real = 2.24605625961e-314
l_mb = 2.00200033169
r_c = 0.0672994897634
h_c = 1.00005084818
epsilon_c = 3.81361348711e-05
r_cusp = 0.00346525722239
r_center = 0.0672994897634
W_cusp = -0.000816278093025
W_center = -0.508506791543
r_max_dens = 0.00702893797208
density_max = 35.0482925259
r_max_mag_press = 0.00828359877968
mag_pressure_max = 2.95715781386
r_max_press = 0.00702893797208
pressure_max = 0.00145802742492
r_max_total_press = 0.00828359877968
total_pressure_max = 2.95851173194
r_max_sp_energy = 0.00702893797208
specific_internal_energy_max = 0.00012480157975
r_max_sp_enth = 0.00702893797208
specific_enthalpy_max = 1.00016640211
