p_c = 8.87459931048e-05
mag_p_c = 0.0157815163089
l = 3.41421357534
mag_beta_c = 0.0056234132519
r_int = 2.78047018589
r_mb_real = 2.19402913922e-314
l_mb = 3.41421357534
r_c = 7.03285949425
h_c = 1.00035511476
epsilon_c = 0.00026633607173
r_cusp = 2.78152120646
r_center = 7.03285949425
W_cusp = -1.86897889679e-07
W_center = -0.0634819577585
r_max_dens = 5.13217343093
density_max = 1.52537562624
r_max_mag_press = 5.43934751722
mag_pressure_max = 0.0220426509222
r_max_press = 5.13217343093
pressure_max = 0.000155906587513
r_max_total_press = 5.43456630811
total_pressure_max = 0.0221947814912
r_max_sp_energy = 5.13217343093
specific_internal_energy_max = 0.000306625957891
r_max_sp_enth = 5.13217343093
specific_enthalpy_max = 1.00040883461
