p_c = 0.000344995463013
mag_p_c = 0.0613498432299
l = 2.20000000981
mag_beta_c = 0.0056234132519
r_int = 0.351018639411
r_mb_real = 2.23112342981e-314
l_mb = 2.20000000981
r_c = 1.13078114698
h_c = 1.00137960033
epsilon_c = 0.00103470025025
r_cusp = 0.351134497411
r_center = 1.13078114698
W_cusp = -7.26960105002e-08
W_center = -0.246372184676
r_max_dens = 0.657399770779
density_max = 2.16456812455
r_max_mag_press = 0.71881814363
mag_pressure_max = 0.113577853451
r_max_press = 0.657399770779
pressure_max = 0.000965639337906
r_max_total_press = 0.718480179226
total_pressure_max = 0.11450456913
r_max_sp_energy = 0.657399770779
specific_internal_energy_max = 0.00133833533852
r_max_sp_enth = 0.657399770779
specific_enthalpy_max = 1.00178444712
