p_c = 0.0118580550152
mag_p_c = 0.000666827437141
l = 3.79687967765
mag_beta_c = 17.7827941004
r_int = 3.58553996203
r_mb_real = 2.1474153973e-314
l_mb = 3.79687967765
r_c = 9.24084455661
h_c = 1.04743222006
epsilon_c = 0.0355741650455
r_cusp = 3.58732545471
r_center = 9.24084455661
W_cusp = -1.90610108503e-07
W_center = -0.0488881868661
r_max_dens = 9.03582679396
density_max = 1.00137847428
r_max_mag_press = 10.1435059239
mag_pressure_max = 0.000684988676636
r_max_press = 9.03582679396
pressure_max = 0.0118798547193
r_max_total_press = 9.08625173832
total_pressure_max = 0.0125378771769
r_max_sp_energy = 9.03582679396
specific_internal_energy_max = 0.0355905035643
r_max_sp_enth = 9.03582679396
specific_enthalpy_max = 1.04745400475
