p_c = 0.0468487855758
mag_p_c = 0.00468487855758
l = 0.934427829084
mag_beta_c = 10.0
r_int = 0.255175352913
r_mb_real = 2.1805513446e-314
l_mb = 0.934427829084
r_c = 0.724199598529
h_c = 1.1873951423
epsilon_c = 0.140546356728
r_cusp = 0.255286428582
r_center = 0.724199598529
W_cusp = -5.51970281452e-07
W_center = -0.187543988945
r_max_dens = 0.685815533255
density_max = 1.0059507838
r_max_mag_press = 0.800015744337
mag_pressure_max = 0.00479758396867
r_max_press = 0.685815533255
pressure_max = 0.0472208697487
r_max_total_press = 0.694604237264
total_pressure_max = 0.0517675588963
r_max_sp_energy = 0.685815533255
specific_internal_energy_max = 0.140824592542
r_max_sp_enth = 0.685815533255
specific_enthalpy_max = 1.18776612339
