p_c = 0.000136781077771
mag_p_c = 0.136781081091
l = 1.15912817057
mag_beta_c = 0.001
r_int = 0.116622670216
r_mb_real = 2.18471205718e-314
l_mb = 1.15912817057
r_c = 0.451770692735
h_c = 1.00054706965
epsilon_c = 0.000410302236879
r_cusp = 0.116699760684
r_center = 0.451770692735
W_cusp = -1.18145045768e-06
W_center = -0.547317460947
r_max_dens = 0.198201755296
density_max = 3.68943913601
r_max_mag_press = 0.218457389444
mag_pressure_max = 0.406488741128
r_max_press = 0.198201755296
pressure_max = 0.000779678035509
r_max_total_press = 0.218288538344
total_pressure_max = 0.407230834209
r_max_sp_energy = 0.198201755296
specific_internal_energy_max = 0.000633980944067
r_max_sp_enth = 0.198201755296
specific_enthalpy_max = 1.00084530793
