p_c = 0.0144027707595
mag_p_c = 0.0809924787332
l = 1.06402371083
mag_beta_c = 0.177827941004
r_int = 0.132875451826
r_mb_real = 2.13334870805e-314
l_mb = 1.06402371083
r_c = 0.470297980931
h_c = 1.05761852225
epsilon_c = 0.0432138916855
r_cusp = 0.132960228361
r_center = 0.470297980931
W_cusp = -1.97717356487e-06
W_center = -0.362379455778
r_max_dens = 0.261550805879
density_max = 2.00915512517
r_max_mag_press = 0.293028040192
mag_pressure_max = 0.135286060836
r_max_press = 0.261550805879
pressure_max = 0.0365206733072
r_max_total_press = 0.285520098589
total_pressure_max = 0.170362904974
r_max_sp_energy = 0.261550805879
specific_internal_energy_max = 0.0545313891144
r_max_sp_enth = 0.261550805879
specific_enthalpy_max = 1.07270851882
