energy_density_max = 38.392263815
total_ang_mom_dens_max = 24.2079474107
r_max_energy_density = 0.150501516031
r_max_total_ang_mom_dens = 0.151317596115
peri_r_max_energy_density = 0.630397879616
peri_r_max_total_ang_mom_dens = 0.631529164031
