p_c = 0.037353025078
mag_p_c = 0.00210051496222
l = 2.52880916553
mag_beta_c = 17.7827941004
r_int = 0.966033528906
r_mb_real = 2.13592891648e-314
l_mb = 2.52880916553
r_c = 2.57240468623
h_c = 1.14941210031
epsilon_c = 0.112059075234
r_cusp = 0.966262655112
r_center = 2.57240468623
W_cusp = -1.25471527368e-07
W_center = -0.146560470472
r_max_dens = 2.50051425474
density_max = 1.00182303464
r_max_mag_press = 2.88209215798
mag_pressure_max = 0.0021735418235
r_max_press = 2.50051425474
pressure_max = 0.037443847132
r_max_total_press = 2.51817566895
total_pressure_max = 0.0395077416307
r_max_sp_energy = 2.50051425474
specific_internal_energy_max = 0.112127129754
r_max_sp_enth = 2.50051425474
specific_enthalpy_max = 1.14950283967
