p_c = 0.000119596747351
mag_p_c = 0.119596749256
l = 2.0063246157
mag_beta_c = 0.001
r_int = 0.0107871365282
r_mb_real = 2.1602435865e-314
l_mb = 2.0063246157
r_c = 0.125291558349
h_c = 1.00047835114
epsilon_c = 0.000358763357507
r_cusp = 0.0108630832391
r_center = 0.125291558349
W_cusp = -0.000132988643512
W_center = -0.478600677313
r_max_dens = 0.0222630635579
density_max = 13.6223985801
r_max_mag_press = 0.0260113323968
mag_pressure_max = 1.13172098223
r_max_press = 0.0222630635579
pressure_max = 0.00389057765535
r_max_total_press = 0.0260113323968
total_pressure_max = 1.13534190274
r_max_sp_energy = 0.0222630635579
specific_internal_energy_max = 0.000856804541241
r_max_sp_enth = 0.0222630635579
specific_enthalpy_max = 1.00114240605
