p_c = 0.051998796456
mag_p_c = 0.0173377721703
l = 2.20000000981
mag_beta_c = 2.99916251899
r_int = 0.351018639411
r_mb_real = 2.14925493413e-314
l_mb = 2.20000000981
r_c = 1.13078114698
h_c = 1.20799518582
epsilon_c = 0.155996389368
r_cusp = 0.351134497411
r_center = 1.13078114698
W_cusp = -7.26960105002e-08
W_center = -0.246372184676
r_max_dens = 0.956513956041
density_max = 1.05178887806
r_max_mag_press = 1.12176558606
mag_pressure_max = 0.0173400805407
r_max_press = 0.956513956041
pressure_max = 0.0556200520044
r_max_total_press = 0.991252299128
total_pressure_max = 0.0721608697104
r_max_sp_energy = 0.956513956041
specific_internal_energy_max = 0.158644153303
r_max_sp_enth = 0.956513956041
specific_enthalpy_max = 1.21152553774
