p_c = 0.0294628434108
mag_p_c = 0.00982369018825
l = 2.52880916553
mag_beta_c = 2.99916251899
r_int = 0.966033528906
r_mb_real = 2.14037699344e-314
l_mb = 2.52880916553
r_c = 2.57240468623
h_c = 1.11785137364
epsilon_c = 0.0883885302323
r_cusp = 0.966262655112
r_center = 2.57240468623
W_cusp = -1.25471527368e-07
W_center = -0.146560470472
r_max_dens = 2.28062629781
density_max = 1.03807401267
r_max_mag_press = 2.56475904861
mag_pressure_max = 0.00982399409674
r_max_press = 2.28062629781
pressure_max = 0.0309679470834
r_max_total_press = 2.3410559514
total_pressure_max = 0.0404491567949
r_max_sp_energy = 2.28062629781
specific_internal_energy_max = 0.0894963558632
r_max_sp_enth = 2.28062629781
specific_enthalpy_max = 1.11932847448
