p_c = 0.127894229933
mag_p_c = 0.0426433141875
l = 2.00063426218
mag_beta_c = 2.99916251899
r_int = 0.00111541391944
r_mb_real = 2.18608614464e-314
l_mb = 2.00063426218
r_c = 0.0368867500569
h_c = 1.51157692867
epsilon_c = 0.383682696502
r_cusp = 0.00119989331725
r_center = 0.0368867500569
W_cusp = -0.0051021124477
W_center = -0.525998006927
r_max_dens = 0.010807857402
density_max = 1.37629450665
r_max_mag_press = 0.0331779549872
mag_pressure_max = 0.0427671599637
r_max_press = 0.010807857402
pressure_max = 0.195794038048
r_max_total_press = 0.0125748393412
total_pressure_max = 0.227068742923
r_max_sp_energy = 0.010807857402
specific_internal_energy_max = 0.426785191183
r_max_sp_enth = 0.010807857402
specific_enthalpy_max = 1.56904692158
