p_c = 0.321193447488
mag_p_c = 0.00321193447488
l = 1.19854613723
mag_beta_c = 100.0
r_int = 0.104537220829
r_mb_real = 2.1520516777e-314
l_mb = 1.19854613723
r_c = 0.433729267781
h_c = 2.28477378995
epsilon_c = 0.963580342464
r_cusp = 0.104617548939
r_center = 0.433729267781
W_cusp = -2.16163476906e-05
W_center = -0.831890220704
r_max_dens = 0.428981201433
density_max = 1.0001206706
r_max_mag_press = 0.529716985146
mag_pressure_max = 0.0034611570662
r_max_press = 0.428981201433
pressure_max = 0.321245126667
r_max_total_press = 0.430296635094
total_pressure_max = 0.324434539489
r_max_sp_energy = 0.428981201433
specific_internal_energy_max = 0.963619099509
r_max_sp_enth = 0.428981201433
specific_enthalpy_max = 2.28482546601
