p_c = 0.0963234556711
mag_p_c = 0.00541666597089
l = 2.07228917239
mag_beta_c = 17.7827941004
r_int = 0.124730053336
r_mb_real = 2.23990220955e-314
l_mb = 2.07228917239
r_c = 0.543250843368
h_c = 1.38529382269
epsilon_c = 0.288970367014
r_cusp = 0.124817800284
r_center = 0.543250843368
W_cusp = -4.5658672008e-06
W_center = -0.341552746049
r_max_dens = 0.511072173988
density_max = 1.00364672199
r_max_mag_press = 0.680327686982
mag_pressure_max = 0.00576354883915
r_max_press = 0.511072173988
pressure_max = 0.0967920932514
r_max_total_press = 0.518459786881
total_pressure_max = 0.102023354157
r_max_sp_energy = 0.511072173988
specific_internal_energy_max = 0.289321205752
r_max_sp_enth = 0.511072173988
specific_enthalpy_max = 1.38576160767
