p_c = 0.0292384937792
mag_p_c = 0.0051994211468
l = 2.6324555397
mag_beta_c = 5.6234132519
r_int = 1.16843707618
r_mb_real = 2.1807516902e-314
l_mb = 2.6324555397
r_c = 3.04476918435
h_c = 1.11695397512
epsilon_c = 0.0877154813375
r_cusp = 1.16871754501
r_center = 3.04476918435
W_cusp = -2.16289985962e-07
W_center = -0.12922531663
r_max_dens = 2.83128277462
density_max = 1.01355149517
r_max_mag_press = 3.20008959515
mag_pressure_max = 0.00523827242322
r_max_press = 2.83128277462
pressure_max = 0.0297679838256
r_max_total_press = 2.87863600808
total_pressure_max = 0.0347961278465
r_max_sp_energy = 2.83128277462
specific_internal_energy_max = 0.0881099301837
r_max_sp_enth = 2.83128277462
specific_enthalpy_max = 1.11747990691
