p_c = 0.0430067065519
mag_p_c = 0.0135999147366
l = 0.933434197827
mag_beta_c = 3.16227766017
r_int = 0.280238763035
r_mb_real = 2.25633864316e-314
l_mb = 0.933434197827
r_c = 0.812681112752
h_c = 1.17202682621
epsilon_c = 0.129020119656
r_cusp = 0.280351920522
r_center = 0.812681112752
W_cusp = -2.03144424749e-07
W_center = -0.205149608994
r_max_dens = 0.701483436577
density_max = 1.04482250924
r_max_mag_press = 0.813088420437
mag_pressure_max = 0.0135999196974
r_max_press = 0.701483436577
pressure_max = 0.0455959441135
r_max_total_press = 0.72358175543
total_pressure_max = 0.0586014480699
r_max_sp_energy = 0.701483436577
specific_internal_energy_max = 0.130919683612
r_max_sp_enth = 0.701483436577
specific_enthalpy_max = 1.17455957815
