energy_density_max = 7.74729604786
total_ang_mom_dens_max = 4.44064523755
r_max_energy_density = 0.168544437347
r_max_total_ang_mom_dens = 0.253918170884
peri_r_max_energy_density = 0.55211746066
peri_r_max_total_ang_mom_dens = 0.821510483702
