p_c = 0.0250233578329
mag_p_c = 0.0140716682045
l = 2.52880916553
mag_beta_c = 1.77827941004
r_int = 0.966033528906
r_mb_real = 2.12723513185e-314
l_mb = 2.52880916553
r_c = 2.57240468623
h_c = 1.10009343133
epsilon_c = 0.0750700734987
r_cusp = 0.966262655112
r_center = 2.57240468623
W_cusp = -1.25471527368e-07
W_center = -0.146560470472
r_max_dens = 2.18114083209
density_max = 1.07788697388
r_max_mag_press = 2.42766828569
mag_pressure_max = 0.0142275356605
r_max_press = 2.18114083209
pressure_max = 0.0276551839216
r_max_total_press = 2.25692017634
total_pressure_max = 0.0414794574966
r_max_sp_energy = 2.18114083209
specific_internal_energy_max = 0.0769705486526
r_max_sp_enth = 2.18114083209
specific_enthalpy_max = 1.1026273982
