p_c = 0.0158823466621
mag_p_c = 0.000502243900407
l = 3.41421357534
mag_beta_c = 31.6227766017
r_int = 2.78047018589
r_mb_real = 2.21462223802e-314
l_mb = 3.41421357534
r_c = 7.03285949425
h_c = 1.06352938665
epsilon_c = 0.0476470399864
r_cusp = 2.78152120646
r_center = 7.03285949425
W_cusp = -1.86897889679e-07
W_center = -0.0634819577585
r_max_dens = 6.9317450401
density_max = 1.00051208974
r_max_mag_press = 7.83798188175
mag_pressure_max = 0.000520144327085
r_max_press = 6.9317450401
pressure_max = 0.0158931918365
r_max_total_press = 6.95483021703
total_pressure_max = 0.0163909960587
r_max_sp_energy = 6.9317450401
specific_internal_energy_max = 0.0476551717852
r_max_sp_enth = 6.9317450401
specific_enthalpy_max = 1.06354022905
