p_c = 0.241715875272
mag_p_c = 0.0764372712481
l = 1.19854613723
mag_beta_c = 3.16227766017
r_int = 0.104537220829
r_mb_real = 2.20554192804e-314
l_mb = 1.19854613723
r_c = 0.433729267781
h_c = 1.96686350109
epsilon_c = 0.725147625816
r_cusp = 0.104617548939
r_center = 0.433729267781
W_cusp = -2.16163476906e-05
W_center = -0.831890220704
r_max_dens = 0.326313064583
density_max = 1.07696125378
r_max_mag_press = 0.425573516743
mag_pressure_max = 0.0764787620473
r_max_press = 0.326313064583
pressure_max = 0.266832431114
r_max_total_press = 0.347766673481
total_pressure_max = 0.337579501001
r_max_sp_energy = 0.326313064583
specific_internal_energy_max = 0.743292565574
r_max_sp_enth = 0.326313064583
specific_enthalpy_max = 1.9910567541
