p_c = 0.0795130804041
mag_p_c = 0.0251442437853
l = 2.0632455533
mag_beta_c = 3.16227766017
r_int = 0.108958294315
r_mb_real = 2.13177225129e-314
l_mb = 2.0632455533
r_c = 0.496955955548
h_c = 1.31805232162
epsilon_c = 0.238539241212
r_cusp = 0.109044255896
r_center = 0.496955955548
W_cusp = -3.43793665531e-06
W_center = -0.352462403606
r_max_dens = 0.385391448389
density_max = 1.07212646924
r_max_mag_press = 0.494346882276
mag_pressure_max = 0.0251451334926
r_max_press = 0.385391448389
pressure_max = 0.0872502345341
r_max_total_press = 0.40606292641
total_pressure_max = 0.11066743776
r_max_sp_energy = 0.385391448389
specific_internal_energy_max = 0.244141629846
r_max_sp_enth = 0.385391448389
specific_enthalpy_max = 1.32552217313
