p_c = 0.0407250979983
mag_p_c = 0.00724206032423
l = 2.39574673992
mag_beta_c = 5.6234132519
r_int = 0.711943198995
r_mb_real = 2.17102784588e-314
l_mb = 2.39574673992
r_c = 1.98271213881
h_c = 1.16290039199
epsilon_c = 0.122175293995
r_cusp = 0.712118341275
r_center = 1.98271213881
W_cusp = -1.0341537752e-07
W_center = -0.175827559945
r_max_dens = 1.82275045088
density_max = 1.01559245961
r_max_mag_press = 2.09513596301
mag_pressure_max = 0.00730046911911
r_max_press = 1.82275045088
pressure_max = 0.0415739633025
r_max_total_press = 1.85842408821
total_pressure_max = 0.048544634414
r_max_sp_energy = 1.82275045088
specific_internal_energy_max = 0.12280702631
r_max_sp_enth = 1.82275045088
specific_enthalpy_max = 1.16374270175
