p_c = 0.0536353814224
mag_p_c = 0.0953783722625
l = 2.00200033169
mag_beta_c = 0.56234132519
r_int = 0.00338976218366
r_mb_real = 2.1825446821e-314
l_mb = 2.00200033169
r_c = 0.0672994897634
h_c = 1.21455075611
epsilon_c = 0.160913067084
r_cusp = 0.00346525722239
r_center = 0.0672994897634
W_cusp = -0.000816278093025
W_center = -0.508506791543
r_max_dens = 0.0133916357623
density_max = 3.42151098673
r_max_mag_press = 0.0200335831348
mag_pressure_max = 0.202293073603
r_max_press = 0.0133916357623
pressure_max = 0.276545675448
r_max_total_press = 0.015541175439
total_pressure_max = 0.462507587946
r_max_sp_energy = 0.0133916357623
specific_internal_energy_max = 0.242476797404
r_max_sp_enth = 0.0133916357623
specific_enthalpy_max = 1.32330239654
