p_c = 0.112822552934
mag_p_c = 0.0634447839285
l = 1.15912817057
mag_beta_c = 1.77827941004
r_int = 0.116622670216
r_mb_real = 2.12789485573e-314
l_mb = 1.15912817057
r_c = 0.451770692735
h_c = 1.45129021174
epsilon_c = 0.338467658803
r_cusp = 0.116699760684
r_center = 0.451770692735
W_cusp = -1.18145045768e-06
W_center = -0.547317460947
r_max_dens = 0.307862260082
density_max = 1.18500220384
r_max_mag_press = 0.3853126918
mag_pressure_max = 0.0656010857868
r_max_press = 0.307862260082
pressure_max = 0.141477746419
r_max_total_press = 0.328656757598
total_pressure_max = 0.203312371114
r_max_sp_energy = 0.307862260082
specific_internal_energy_max = 0.358170843803
r_max_sp_enth = 0.307862260082
specific_enthalpy_max = 1.47756112507
