r_H = 1.03408494338
W_H = 0.0
M_H = 1.0
J_H = 0.855959743487
M_ADM = 1.0
J_ADM = 0.855959743487
M_SF = 0.0
J_SF = 0.0
m = 1.0
a_star = 0.855959743487
a_star_H = 0.855959743487
l_k_H = 2.75905271625
l_k_ADM = 2.75905271625
l = 2.7590527171
rho_c = 1.00056580602
gamma = 1.33333333333
q = 1.33333333333
mag_beta_c = 0.0056234132519
v_H = 0.564229254923
a_eq = 0.855959743487
