p_c = 0.000157285207415
mag_p_c = 0.0279697090031
l = 2.7590527171
mag_beta_c = 0.0056234132519
r_int = 1.42010048383
r_mb_real = 2.2245848781e-314
l_mb = 2.7590527171
r_c = 3.63881527247
h_c = 1.00062878506
epsilon_c = 0.000471588794465
r_cusp = 1.42045612549
r_center = 3.63881527247
W_cusp = -9.72712682871e-08
W_center = -0.112373893767
r_max_dens = 2.55729318358
density_max = 1.64306510024
r_max_mag_press = 2.72439525028
mag_pressure_max = 0.0414085873627
r_max_press = 2.55729318358
pressure_max = 0.000304719348795
r_max_total_press = 2.72286869594
total_pressure_max = 0.0417047750081
r_max_sp_energy = 2.55729318358
specific_internal_energy_max = 0.000556373600932
r_max_sp_enth = 2.55729318358
specific_enthalpy_max = 1.00074183147
