p_c = 0.608329199821
mag_p_c = 0.00192370583862
l = 0.920446895017
mag_beta_c = 316.227766017
r_int = 0.0527882972713
r_mb_real = 2.19007484332e-314
l_mb = 0.920446895017
r_c = 0.34546691412
h_c = 3.43331679928
epsilon_c = 1.82498759946
r_cusp = 0.0528814318956
r_center = 0.34546691412
W_cusp = -0.000170539759153
W_center = -1.23576801229
r_max_dens = 0.344512889155
density_max = 1.00000906703
r_max_mag_press = 0.400956706366
mag_pressure_max = 0.00203274931266
r_max_press = 0.344512889155
pressure_max = 0.608336554151
r_max_total_press = 0.344751264082
total_pressure_max = 0.610256977835
r_max_sp_energy = 0.344512889155
specific_internal_energy_max = 1.82499311519
r_max_sp_enth = 0.344512889155
specific_enthalpy_max = 3.43332415358
