p_c = 0.0135355509515
mag_p_c = 0.076116001539
l = 2.07228917239
mag_beta_c = 0.177827941004
r_int = 0.124730053336
r_mb_real = 2.17565198413e-314
l_mb = 2.07228917239
r_c = 0.543250843368
h_c = 1.05414204967
epsilon_c = 0.0406065372523
r_cusp = 0.124817800284
r_center = 0.543250843368
W_cusp = -4.5658672008e-06
W_center = -0.341552746049
r_max_dens = 0.272110221498
density_max = 2.18239840939
r_max_mag_press = 0.312369542999
mag_pressure_max = 0.134405780262
r_max_press = 0.272110221498
pressure_max = 0.038316544666
r_max_total_press = 0.302337890205
total_pressure_max = 0.170992679915
r_max_sp_energy = 0.272110221498
specific_internal_energy_max = 0.0526712416501
r_max_sp_enth = 0.272110221498
specific_enthalpy_max = 1.0702283222
