r_H = 0.554165009481
W_H = 0.0
M_H = 1.0
J_H = 0.960846130016
M_ADM = 1.0
J_ADM = 0.960846130016
M_SF = 0.0
J_SF = 0.0
m = 1.0
a_star = 0.960846130016
a_star_H = 0.960846130016
l_k_H = 2.39574673711
l_k_ADM = 2.39574673711
l = 2.39574673992
rho_c = 0.99992707815
gamma = 1.33333333333
q = 1.33333333333
mag_beta_c = 0.000316227766017
v_H = 0.752375924382
a_eq = 0.960846130016
