p_c = 0.0635393025362
mag_p_c = 0.0635378715132
l = 2.02000000769
mag_beta_c = 1.0
r_int = 0.0342292645894
r_mb_real = 2.16927128046e-314
l_mb = 2.02000000769
r_c = 0.242054631617
h_c = 1.25422075741
epsilon_c = 0.190665568056
r_cusp = 0.034307409192
r_center = 0.242054631617
W_cusp = -1.96790651451e-05
W_center = -0.429202098564
r_max_dens = 0.118537000025
density_max = 1.51064762577
r_max_mag_press = 0.158696888138
mag_pressure_max = 0.075244269839
r_max_press = 0.118537000025
pressure_max = 0.110172051925
r_max_total_press = 0.132427557949
total_pressure_max = 0.180741231661
r_max_sp_energy = 0.118537000025
specific_internal_energy_max = 0.218791033817
r_max_sp_enth = 0.118537000025
specific_enthalpy_max = 1.29172137842
