p_c = 0.00807716563429
mag_p_c = 0.0143632010383
l = 3.01685585031
mag_beta_c = 0.56234132519
r_int = 1.9462863345
r_mb_real = 2.21760516133e-314
l_mb = 3.01685585031
r_c = 4.91124046632
h_c = 1.03235007549
epsilon_c = 0.0242625566181
r_cusp = 1.94684681898
r_center = 4.91124046632
W_cusp = -1.08759384503e-07
W_center = -0.0875616081841
r_max_dens = 3.90518405459
density_max = 1.20930416261
r_max_mag_press = 4.21278197269
mag_pressure_max = 0.0159020764874
r_max_press = 3.90518405459
pressure_max = 0.0104243298164
r_max_total_press = 4.08141475428
total_pressure_max = 0.0261293149339
r_max_sp_energy = 3.90518405459
specific_internal_energy_max = 0.0258603173761
r_max_sp_enth = 3.90518405459
specific_enthalpy_max = 1.03448042317
