p_c = 0.0162227879059
mag_p_c = 0.000162227879059
l = 3.41421357534
mag_beta_c = 100.0
r_int = 2.78047018589
r_mb_real = 2.18303239208e-314
l_mb = 3.41421357534
r_c = 7.03285949425
h_c = 1.06489115162
epsilon_c = 0.0486683637177
r_cusp = 2.78152120646
r_center = 7.03285949425
W_cusp = -1.86897889679e-07
W_center = -0.0634819577585
r_max_dens = 7.00144678772
density_max = 1.00005864701
r_max_mag_press = 7.93621347632
mag_pressure_max = 0.000169299187413
r_max_press = 7.00144678772
pressure_max = 0.0162240564756
r_max_total_press = 7.00927465785
total_pressure_max = 0.0163857652206
r_max_sp_energy = 7.00144678772
specific_internal_energy_max = 0.0486693151171
r_max_sp_enth = 7.00144678772
specific_enthalpy_max = 1.06489242016
