p_c = 7.881127449e-05
mag_p_c = 0.0140148443531
l = 3.57984163105
mag_beta_c = 0.0056234132519
r_int = 3.1298157959
r_mb_real = 2.2542805475e-314
l_mb = 3.57984163105
r_c = 7.97345443704
h_c = 1.00031561697
epsilon_c = 0.000236712724487
r_cusp = 3.13114819178
r_center = 7.97345443704
W_cusp = -1.16412385532e-08
W_center = -0.0564233645228
r_max_dens = 5.83869950758
density_max = 1.50886833158
r_max_mag_press = 6.18749528892
mag_pressure_max = 0.0194213834869
r_max_press = 5.83869950758
pressure_max = 0.000136606953756
r_max_total_press = 6.18144456761
total_pressure_max = 0.019554805105
r_max_sp_energy = 5.83869950758
specific_internal_energy_max = 0.000271608100382
r_max_sp_enth = 5.83869950758
specific_enthalpy_max = 1.00036214413
