energy_density_max = 24.6426393743
total_ang_mom_dens_max = 14.0355310439
r_max_energy_density = 0.209143109986
r_max_total_ang_mom_dens = 0.211024279068
peri_r_max_energy_density = 0.875885103155
peri_r_max_total_ang_mom_dens = 0.876896870884
