p_c = 6.51229199034e-06
mag_p_c = 0.0366213089253
l = 2.52880916553
mag_beta_c = 0.000177827941004
r_int = 0.966033528906
r_mb_real = 2.20233032744e-314
l_mb = 2.52880916553
r_c = 2.57240468623
h_c = 1.00002605859
epsilon_c = 1.95439439647e-05
r_cusp = 0.966262655112
r_center = 2.57240468623
W_cusp = -1.25471527368e-07
W_center = -0.146560470472
r_max_dens = 1.74115026742
density_max = 1.74886967179
r_max_mag_press = 1.86365137086
mag_pressure_max = 0.0571212733277
r_max_press = 1.74115026742
pressure_max = 1.37283996165e-05
r_max_total_press = 1.86365137086
total_pressure_max = 0.0571345774054
r_max_sp_energy = 1.74115026742
specific_internal_energy_max = 2.35496100789e-05
r_max_sp_enth = 1.74115026742
specific_enthalpy_max = 1.00003139948
