p_c = 0.0338792372245
mag_p_c = 0.0338797286733
l = 2.20000000981
mag_beta_c = 1.0
r_int = 0.351018639411
r_mb_real = 2.21842678065e-314
l_mb = 2.20000000981
r_c = 1.13078114698
h_c = 1.13547988251
epsilon_c = 0.10160991188
r_cusp = 0.351134497411
r_center = 1.13078114698
W_cusp = -7.26960105002e-08
W_center = -0.246372184676
r_max_dens = 0.835513307257
density_max = 1.20940768949
r_max_mag_press = 0.953256660193
mag_pressure_max = 0.0364303869681
r_max_press = 0.835513307257
pressure_max = 0.0436387383534
r_max_total_press = 0.885116645887
total_pressure_max = 0.0790268364316
r_max_sp_energy = 0.835513307257
specific_internal_energy_max = 0.108248207943
r_max_sp_enth = 0.835513307257
specific_enthalpy_max = 1.14433094392
