p_c = 0.0382491504102
mag_p_c = 0.00120954433862
l = 2.52880916553
mag_beta_c = 31.6227766017
r_int = 0.966033528906
r_mb_real = 2.15037808368e-314
l_mb = 2.52880916553
r_c = 2.57240468623
h_c = 1.15299660164
epsilon_c = 0.114747451231
r_cusp = 0.966262655112
r_center = 2.57240468623
W_cusp = -1.25471527368e-07
W_center = -0.146560470472
r_max_dens = 2.53006375571
density_max = 1.00060356888
r_max_mag_press = 2.9288842284
mag_pressure_max = 0.00126317502425
r_max_press = 2.53006375571
pressure_max = 0.0382799348353
r_max_total_press = 2.54054142627
total_pressure_max = 0.0394764828302
r_max_sp_energy = 2.53006375571
specific_internal_energy_max = 0.114770532584
r_max_sp_enth = 2.53006375571
specific_enthalpy_max = 1.15302737678
