r_H = 0.04
W_H = 0.68
M_H = 0.018
J_H = 0.002
M_ADM = 0.975
J_ADM = 0.85
M_SF = 0.957
J_SF = 0.848
m = 1.0
a_star = 0.894148586456
a_star_H = 6.17283950617
l_k_H = nan
l_k_ADM = 2.58442887702
l = 0.920446895017
rho_c = 1.0
gamma = 1.33333333333
q = 1.33333333333
mag_beta_c = 31.6227766017
v_H = 0.0973159045546
a_eq = 0.1928058633
