energy_density_max = 13.824434375
total_ang_mom_dens_max = 8.70239149488
r_max_energy_density = 0.204591804624
r_max_total_ang_mom_dens = 0.207992027726
peri_r_max_energy_density = 0.769323210453
peri_r_max_total_ang_mom_dens = 0.772709007837
