p_c = 0.0162934247978
mag_p_c = 9.16246609265e-05
l = 3.41421357534
mag_beta_c = 177.827941004
r_int = 2.78047018589
r_mb_real = 2.15920745574e-314
l_mb = 3.41421357534
r_c = 7.03285949425
h_c = 1.06517369919
epsilon_c = 0.0488802743933
r_cusp = 2.78152120646
r_center = 7.03285949425
W_cusp = -1.86897889679e-07
W_center = -0.0634819577585
r_max_dens = 7.00927465785
density_max = 1.0000199763
r_max_mag_press = 7.95614254566
mag_pressure_max = 9.57811424958e-05
r_max_press = 7.00927465785
pressure_max = 0.0162938587756
r_max_total_press = 7.01711936401
total_pressure_max = 0.0163853213518
r_max_sp_energy = 7.00927465785
specific_internal_energy_max = 0.0488805998734
r_max_sp_enth = 7.00927465785
specific_enthalpy_max = 1.06517413316
