p_c = 0.146171604583
mag_p_c = 0.0259933953982
l = 2.00063426218
mag_beta_c = 5.6234132519
r_int = 0.00111541391944
r_mb_real = 2.2246415415e-314
l_mb = 2.00063426218
r_c = 0.0368867500569
h_c = 1.58468642904
epsilon_c = 0.43851482178
r_cusp = 0.00119989331725
r_center = 0.0368867500569
W_cusp = -0.0051021124477
W_center = -0.525998006927
r_max_dens = 0.0147598408358
density_max = 1.15307265581
r_max_mag_press = 0.0589672151642
mag_pressure_max = 0.0274187774659
r_max_press = 0.0147598408358
pressure_max = 0.176741521537
r_max_total_press = 0.0168180033194
total_pressure_max = 0.194759261501
r_max_sp_energy = 0.0147598408358
specific_internal_energy_max = 0.459836214081
r_max_sp_enth = 0.0147598408358
specific_enthalpy_max = 1.61311495211
