p_c = 0.00691140501222
mag_p_c = 0.0218557041378
l = 2.7590527171
mag_beta_c = 0.316227766017
r_int = 1.42010048383
r_mb_real = 2.17928856024e-314
l_mb = 2.7590527171
r_c = 3.63881527247
h_c = 1.02765382099
epsilon_c = 0.0207403657415
r_cusp = 1.42045612549
r_center = 3.63881527247
W_cusp = -9.72712682871e-08
W_center = -0.112373893767
r_max_dens = 2.74748398192
density_max = 1.33214284456
r_max_mag_press = 2.96006258308
mag_pressure_max = 0.0262754895966
r_max_press = 2.74748398192
pressure_max = 0.0101345815524
r_max_total_press = 2.89560564831
total_pressure_max = 0.0361786769273
r_max_sp_energy = 2.74748398192
specific_internal_energy_max = 0.0228231865534
r_max_sp_enth = 2.74748398192
specific_enthalpy_max = 1.0304309154
