p_c = 0.0114695826603
mag_p_c = 0.0362700371688
l = 2.36711935577
mag_beta_c = 0.316227766017
r_int = 0.658272243274
r_mb_real = 2.1467334128e-314
l_mb = 2.36711935577
r_c = 1.856947682
h_c = 1.04587624463
epsilon_c = 0.0344071834739
r_cusp = 0.658437408234
r_center = 1.856947682
W_cusp = -3.6073961847e-07
W_center = -0.183565101352
r_max_dens = 1.31349674933
density_max = 1.42605086673
r_max_mag_press = 1.43673205956
mag_pressure_max = 0.0456367771208
r_max_press = 1.31349674933
pressure_max = 0.0184091883916
r_max_total_press = 1.39797523222
total_pressure_max = 0.0635401170363
r_max_sp_energy = 1.31349674933
specific_internal_energy_max = 0.0387276263865
r_max_sp_enth = 1.31349674933
specific_enthalpy_max = 1.05163683518
