p_c = 1.31516587858e-11
mag_p_c = 0.131516587858
l = 2.00063426218
mag_beta_c = 1e-10
r_int = 0.00111541391944
r_mb_real = 2.18810376645e-314
l_mb = 2.00063426218
r_c = 0.0368867500569
h_c = 1.00000000005
epsilon_c = 3.94498505171e-11
r_cusp = 0.00119989331725
r_center = 0.0368867500569
W_cusp = -0.0051021124477
W_center = -0.525998006927
r_max_dens = 0.00219271785158
density_max = 97.0138234205
r_max_mag_press = 0.00269026088714
mag_pressure_max = 8.23339943281
r_max_press = 0.00219271785158
pressure_max = 5.86160829715e-09
r_max_total_press = 0.00269026088714
total_pressure_max = 8.23339943817
r_max_sp_energy = 0.00219271785158
specific_internal_energy_max = 1.81261023135e-10
r_max_sp_enth = 0.00219271785158
specific_enthalpy_max = 1.00000000024
