p_c = 0.451800959026
mag_p_c = 0.142872007957
l = 0.920446895017
mag_beta_c = 3.16227766017
r_int = 0.0527882972713
r_mb_real = 2.185187625e-314
l_mb = 0.920446895017
r_c = 0.34546691412
h_c = 2.8072038361
epsilon_c = 1.35540287708
r_cusp = 0.0528814318956
r_center = 0.34546691412
W_cusp = -0.000170539759153
W_center = -1.23576801229
r_max_dens = 0.223643572056
density_max = 1.08400761296
r_max_mag_press = 0.33716643759
mag_pressure_max = 0.143004061075
r_max_press = 0.223643572056
pressure_max = 0.503103020575
r_max_total_press = 0.260729601452
total_pressure_max = 0.630592296816
r_max_sp_energy = 0.223643572056
specific_internal_energy_max = 1.3923417545
r_max_sp_enth = 0.223643572056
specific_enthalpy_max = 2.85645567267
