p_c = 0.365931585672
mag_p_c = 0.205778452816
l = 0.920446895017
mag_beta_c = 1.77827941004
r_int = 0.0527882972713
r_mb_real = 2.19968536083e-314
l_mb = 0.920446895017
r_c = 0.34546691412
h_c = 2.46372634269
epsilon_c = 1.09779475702
r_cusp = 0.0528814318956
r_center = 0.34546691412
W_cusp = -0.000170539759153
W_center = -1.23576801229
r_max_dens = 0.162752801858
density_max = 1.25818985213
r_max_mag_press = 0.285600126622
mag_pressure_max = 0.213360665365
r_max_press = 0.162752801858
pressure_max = 0.497043961141
r_max_total_press = 0.189813259644
total_pressure_max = 0.681670007111
r_max_sp_energy = 0.162752801858
specific_internal_energy_max = 1.18514060568
r_max_sp_enth = 0.162752801858
specific_enthalpy_max = 2.58018747425
