p_c = 1.61102926067e-05
mag_p_c = 0.0905948332295
l = 1.06402371083
mag_beta_c = 0.000177827941004
r_int = 0.132875451826
r_mb_real = 2.1816906837e-314
l_mb = 1.06402371083
r_c = 0.470297980931
h_c = 1.00006443389
epsilon_c = 4.83254144675e-05
r_cusp = 0.132960228361
r_center = 0.470297980931
W_cusp = -1.97717356487e-06
W_center = -0.362379455778
r_max_dens = 0.240042965136
density_max = 2.74037455134
r_max_mag_press = 0.264144004975
mag_pressure_max = 0.206098336288
r_max_press = 0.240042965136
pressure_max = 6.17709862183e-05
r_max_total_press = 0.264144004975
total_pressure_max = 0.206157321669
r_max_sp_energy = 0.240042965136
specific_internal_energy_max = 6.76232227322e-05
r_max_sp_enth = 0.240042965136
specific_enthalpy_max = 1.0000901643
