p_c = 0.0214118409813
mag_p_c = 0.0120407630322
l = 2.65069628907
mag_beta_c = 1.77827941004
r_int = 1.20439326868
r_mb_real = 2.20852282766e-314
l_mb = 2.65069628907
r_c = 3.12953703841
h_c = 1.08564736393
epsilon_c = 0.0642355229438
r_cusp = 1.20468367169
r_center = 3.12953703841
W_cusp = -1.95636367743e-07
W_center = -0.126539898251
r_max_dens = 2.67643789978
density_max = 1.0736144968
r_max_mag_press = 2.96400311405
mag_pressure_max = 0.0121655333144
r_max_press = 2.67643789978
pressure_max = 0.0235388458829
r_max_total_press = 2.76617608454
total_pressure_max = 0.0353777808325
r_max_sp_energy = 2.67643789978
specific_internal_energy_max = 0.06577457538
r_max_sp_enth = 2.67643789978
specific_enthalpy_max = 1.08769943384
