p_c = 0.00462876328455
mag_p_c = 0.0823124584954
l = 2.07228917239
mag_beta_c = 0.056234132519
r_int = 0.124730053336
r_mb_real = 2.25215566997e-314
l_mb = 2.07228917239
r_c = 0.543250843368
h_c = 1.01851187705
epsilon_c = 0.0138839077911
r_cusp = 0.124817800284
r_center = 0.543250843368
W_cusp = -4.5658672008e-06
W_center = -0.341552746049
r_max_dens = 0.253743886154
density_max = 2.71876733416
r_max_mag_press = 0.287273772235
mag_pressure_max = 0.180470710154
r_max_press = 0.253743886154
pressure_max = 0.0175601554086
r_max_total_press = 0.283881310121
total_pressure_max = 0.197164985209
r_max_sp_energy = 0.253743886154
specific_internal_energy_max = 0.0193765996685
r_max_sp_enth = 0.253743886154
specific_enthalpy_max = 1.02583546622
