p_c = 4.6861850994e-05
mag_p_c = 0.0468618521534
l = 0.934427829084
mag_beta_c = 0.001
r_int = 0.255175352913
r_mb_real = 2.21464045126e-314
l_mb = 0.934427829084
r_c = 0.724199598529
h_c = 1.00018739172
epsilon_c = 0.000140543789418
r_cusp = 0.255286428582
r_center = 0.724199598529
W_cusp = -5.51970281452e-07
W_center = -0.187543988945
r_max_dens = 0.464575451397
density_max = 1.8935344599
r_max_mag_press = 0.501239095627
mag_pressure_max = 0.0779043670429
r_max_press = 0.464575451397
pressure_max = 0.00010973496017
r_max_total_press = 0.5009789504
total_pressure_max = 0.0780103053215
r_max_sp_energy = 0.464575451397
specific_internal_energy_max = 0.00017385734851
r_max_sp_enth = 0.464575451397
specific_enthalpy_max = 1.0002318098
