p_c = 0.0172067069642
mag_p_c = 9.67604239642e-05
l = 3.34362297106
mag_beta_c = 177.827941004
r_int = 2.63112578028
r_mb_real = 2.14772502231e-314
l_mb = 3.34362297106
r_c = 6.64335483975
h_c = 1.06882682786
epsilon_c = 0.0516201208927
r_cusp = 2.63207141002
r_center = 6.64335483975
W_cusp = -1.62090519301e-07
W_center = -0.066923742645
r_max_dens = 6.62207354927
density_max = 1.00002335816
r_max_mag_press = 7.51613371822
mag_pressure_max = 0.000101178365828
r_max_press = 6.62207354927
pressure_max = 0.0172072428556
r_max_total_press = 6.62915278574
total_pressure_max = 0.0173038000963
r_max_sp_energy = 6.62207354927
specific_internal_energy_max = 0.0516205228066
r_max_sp_enth = 6.62207354927
specific_enthalpy_max = 1.06882736374
