p_c = 0.000190641293962
mag_p_c = 0.107205482567
l = 2.02000000769
mag_beta_c = 0.00177827941004
r_int = 0.0342292645894
r_mb_real = 2.12940250693e-314
l_mb = 2.02000000769
r_c = 0.242054631617
h_c = 1.00076246677
epsilon_c = 0.000571850078748
r_cusp = 0.034307409192
r_center = 0.242054631617
W_cusp = -1.96790651451e-05
W_center = -0.429202098564
r_max_dens = 0.0696157349495
density_max = 6.11767167449
r_max_mag_press = 0.0803317509928
mag_pressure_max = 0.486069266058
r_max_press = 0.0696157349495
pressure_max = 0.00213267069917
r_max_total_press = 0.0801876665425
total_pressure_max = 0.488067051284
r_max_sp_energy = 0.0696157349495
specific_internal_energy_max = 0.00104582469246
r_max_sp_enth = 0.0696157349495
specific_enthalpy_max = 1.00139443292
