p_c = 0.00368696118142
mag_p_c = 0.207333111474
l = 1.19854613723
mag_beta_c = 0.0177827941004
r_int = 0.104537220829
r_mb_real = 2.24411958552e-314
l_mb = 1.19854613723
r_c = 0.433729267781
h_c = 1.01474731827
epsilon_c = 0.0110604887041
r_cusp = 0.104617548939
r_center = 0.433729267781
W_cusp = -2.16163476906e-05
W_center = -0.831890220704
r_max_dens = 0.169803722864
density_max = 4.23463554437
r_max_mag_press = 0.187112640246
mag_pressure_max = 0.689215126894
r_max_press = 0.169803722864
pressure_max = 0.0252582124673
r_max_total_press = 0.186475040997
total_pressure_max = 0.713285839829
r_max_sp_energy = 0.169803722864
specific_internal_energy_max = 0.0178940162873
r_max_sp_enth = 0.169803722864
specific_enthalpy_max = 1.02385868838
