p_c = 0.165290080143
mag_p_c = 0.0165290080143
l = 1.15912817057
mag_beta_c = 10.0
r_int = 0.116622670216
r_mb_real = 2.14051055717e-314
l_mb = 1.15912817057
r_c = 0.451770692735
h_c = 1.66116032057
epsilon_c = 0.495870240429
r_cusp = 0.116699760684
r_center = 0.451770692735
W_cusp = -1.18145045768e-06
W_center = -0.547317460947
r_max_dens = 0.400024165883
density_max = 1.01292270313
r_max_mag_press = 0.556517706228
mag_pressure_max = 0.0172938721466
r_max_press = 0.400024165883
pressure_max = 0.168144189431
r_max_total_press = 0.410792772495
total_pressure_max = 0.183654742365
r_max_sp_energy = 0.400024165883
specific_internal_energy_max = 0.497997099616
r_max_sp_enth = 0.400024165883
specific_enthalpy_max = 1.66399613282
