p_c = 0.0354986741573
mag_p_c = 0.112256296485
l = 2.00063426218
mag_beta_c = 0.316227766017
r_int = 0.00111541391944
r_mb_real = 2.242304333e-314
l_mb = 2.00063426218
r_c = 0.0368867500569
h_c = 1.14200311438
epsilon_c = 0.106502335786
r_cusp = 0.00119989331725
r_center = 0.0368867500569
W_cusp = -0.0051021124477
W_center = -0.525998006927
r_max_dens = 0.00397959787961
density_max = 8.50440695834
r_max_mag_press = 0.00569653507062
mag_pressure_max = 0.542523136089
r_max_press = 0.00397959787961
pressure_max = 0.616271151944
r_max_total_press = 0.00463649762287
total_pressure_max = 1.12083042906
r_max_sp_energy = 0.00397959787961
specific_internal_energy_max = 0.217394753672
r_max_sp_enth = 0.00397959787961
specific_enthalpy_max = 1.28985967156
