r_H = 1.34190342461
W_H = 0.0
M_H = 1.0
J_H = 0.741501045013
M_ADM = 1.0
J_ADM = 0.741501045013
M_SF = 0.0
J_SF = 0.0
m = 1.0
a_star = 0.741501045013
a_star_H = 0.741501045013
l_k_H = 3.01685585013
l_k_ADM = 3.01685585013
l = 3.01685585031
rho_c = 1.0
gamma = 1.33333333333
q = 1.33333333333
mag_beta_c = 10.0
v_H = 0.443759708645
a_eq = 0.741501045013
