p_c = 0.0767520053727
mag_p_c = 0.136486020957
l = 1.20407705118
mag_beta_c = 0.56234132519
r_int = 0.105606579349
r_mb_real = 2.19183343244e-314
l_mb = 1.20407705118
r_c = 0.425139204841
h_c = 1.30701857636
epsilon_c = 0.230263932268
r_cusp = 0.105681957084
r_center = 0.425139204841
W_cusp = -1.66520378321e-05
W_center = -0.685464862983
r_max_dens = 0.221570013985
density_max = 1.72819218182
r_max_mag_press = 0.262991149634
mag_pressure_max = 0.190713643558
r_max_press = 0.221570013985
pressure_max = 0.159183855969
r_max_total_press = 0.242125711806
total_pressure_max = 0.3438409764
r_max_sp_energy = 0.221570013985
specific_internal_energy_max = 0.276330128635
r_max_sp_enth = 0.221570013985
specific_enthalpy_max = 1.36844017151
