p_c = 5.80676407859e-05
mag_p_c = 0.032653834718
l = 2.62211129261
mag_beta_c = 0.00177827941004
r_int = 1.14806422021
r_mb_real = 2.22472451291e-314
l_mb = 2.62211129261
r_c = 2.99830015116
h_c = 1.00023222591
epsilon_c = 0.00017416943133
r_cusp = 1.14833915964
r_center = 2.99830015116
W_cusp = -1.99954178118e-07
W_center = -0.130792107242
r_max_dens = 2.06590652369
density_max = 1.7011779024
r_max_mag_press = 2.20535106618
mag_pressure_max = 0.049779249021
r_max_press = 2.06590652369
pressure_max = 0.000117893308407
r_max_total_press = 2.20535106618
total_pressure_max = 0.0498936678044
r_max_sp_energy = 2.06590652369
specific_internal_energy_max = 0.000207902962249
r_max_sp_enth = 2.06590652369
specific_enthalpy_max = 1.00027720395
