p_c = 0.0160986325064
mag_p_c = 0.000286278667159
l = 3.41421357534
mag_beta_c = 56.234132519
r_int = 2.78047018589
r_mb_real = 2.23056286688e-314
l_mb = 3.41421357534
r_c = 7.03285949425
h_c = 1.06439453003
epsilon_c = 0.0482958975191
r_cusp = 2.78152120646
r_center = 7.03285949425
W_cusp = -1.86897889679e-07
W_center = -0.0634819577585
r_max_dens = 6.97806367292
density_max = 1.00017272039
r_max_mag_press = 7.89664005112
mag_pressure_max = 0.000297894593689
r_max_press = 6.97806367292
pressure_max = 0.0161023400291
r_max_total_press = 6.98584134712
total_pressure_max = 0.016387082731
r_max_sp_energy = 6.97806367292
specific_internal_energy_max = 0.0482986779211
r_max_sp_enth = 6.97806367292
specific_enthalpy_max = 1.06439823723
