p_c = 0.000670883402735
mag_p_c = 0.119301816943
l = 2.0063246157
mag_beta_c = 0.0056234132519
r_int = 0.0107871365282
r_mb_real = 2.17710094823e-314
l_mb = 2.0063246157
r_c = 0.125291558349
h_c = 1.00268348102
epsilon_c = 0.00201261076152
r_cusp = 0.0108630832391
r_center = 0.125291558349
W_cusp = -0.000132988643512
W_center = -0.478600677313
r_max_dens = 0.0223901522426
density_max = 13.0998119053
r_max_mag_press = 0.0262741048963
mag_pressure_max = 1.08482886845
r_max_press = 0.0223901522426
pressure_max = 0.0207167891041
r_max_total_press = 0.026142656945
total_pressure_max = 1.10415244731
r_max_sp_energy = 0.0223901522426
specific_internal_energy_max = 0.00474437096971
r_max_sp_enth = 0.0223901522426
specific_enthalpy_max = 1.00632582796
