p_c = 0.105823777456
mag_p_c = 0.00334644167364
l = 1.06402371083
mag_beta_c = 31.6227766017
r_int = 0.132875451826
r_mb_real = 2.15102566541e-314
l_mb = 1.06402371083
r_c = 0.470297980931
h_c = 1.42329510982
epsilon_c = 0.317471332369
r_cusp = 0.132960228361
r_center = 0.470297980931
W_cusp = -1.97717356487e-06
W_center = -0.362379455778
r_max_dens = 0.455356583744
density_max = 1.00113630357
r_max_mag_press = 0.60369656933
mag_pressure_max = 0.00361699108911
r_max_press = 0.455356583744
pressure_max = 0.105984138394
r_max_total_press = 0.459127032847
total_pressure_max = 0.109263947658
r_max_sp_energy = 0.455356583744
specific_internal_energy_max = 0.317591534788
r_max_sp_enth = 0.455356583744
specific_enthalpy_max = 1.42345537972
