p_c = 1.07294637078e-05
mag_p_c = 0.107294637082
l = 2.02000000769
mag_beta_c = 0.0001
r_int = 0.0342292645894
r_mb_real = 2.23390803122e-314
l_mb = 2.02000000769
r_c = 0.242054631617
h_c = 1.00004291776
epsilon_c = 3.21883200194e-05
r_cusp = 0.034307409192
r_center = 0.242054631617
W_cusp = -1.96790651451e-05
W_center = -0.429202098564
r_max_dens = 0.0694780931411
density_max = 6.17052064698
r_max_mag_press = 0.0800436601112
mag_pressure_max = 0.490774120033
r_max_press = 0.0694780931411
pressure_max = 0.000121433677969
r_max_total_press = 0.0800436601112
total_pressure_max = 0.490887981058
r_max_sp_energy = 0.0694780931411
specific_internal_energy_max = 5.90389457793e-05
r_max_sp_enth = 0.0694780931411
specific_enthalpy_max = 1.00007871859
