p_c = 0.0341797162608
mag_p_c = 0.10808551499
l = 2.00200033169
mag_beta_c = 0.316227766017
r_int = 0.00338976218366
r_mb_real = 2.18368806858e-314
l_mb = 2.00200033169
r_c = 0.0672994897634
h_c = 1.13672450077
epsilon_c = 0.102543375576
r_cusp = 0.00346525722239
r_center = 0.0672994897634
W_cusp = -0.000816278093025
W_center = -0.508506791543
r_max_dens = 0.011135967747
density_max = 5.63891411761
r_max_mag_press = 0.0152713117388
mag_pressure_max = 0.37839268361
r_max_press = 0.011135967747
pressure_max = 0.343072806926
r_max_total_press = 0.0129912086393
total_pressure_max = 0.700622573116
r_max_sp_energy = 0.011135967747
specific_internal_energy_max = 0.182520676732
r_max_sp_enth = 0.011135967747
specific_enthalpy_max = 1.24336090231
