p_c = 0.0108638286654
mag_p_c = 0.00362228742076
l = 3.57984163105
mag_beta_c = 2.99916251899
r_int = 3.1298157959
r_mb_real = 2.13647328987e-314
l_mb = 3.57984163105
r_c = 7.97345443704
h_c = 1.04345531466
epsilon_c = 0.0325914859961
r_cusp = 3.13114819178
r_center = 7.97345443704
W_cusp = -1.16412385532e-08
W_center = -0.0564233645228
r_max_dens = 7.23241316874
density_max = 1.02970204923
r_max_mag_press = 7.96353593876
mag_pressure_max = 0.00362232003489
r_max_press = 7.23241316874
pressure_max = 0.0112961818988
r_max_total_press = 7.39196801373
total_pressure_max = 0.0148193883192
r_max_sp_energy = 7.23241316874
specific_internal_energy_max = 0.0329110209326
r_max_sp_enth = 7.23241316874
specific_enthalpy_max = 1.04388136124
