p_c = 0.108103338117
mag_p_c = 0.00108103338117
l = 1.06402371083
mag_beta_c = 100.0
r_int = 0.132875451826
r_mb_real = 2.17620242859e-314
l_mb = 1.06402371083
r_c = 0.470297980931
h_c = 1.43241335247
epsilon_c = 0.32431001435
r_cusp = 0.132960228361
r_center = 0.470297980931
W_cusp = -1.97717356487e-06
W_center = -0.362379455778
r_max_dens = 0.465369853829
density_max = 1.00011755834
r_max_mag_press = 0.624595973974
mag_pressure_max = 0.00119080021372
r_max_press = 0.465369853829
pressure_max = 0.108120283047
r_max_total_press = 0.466735023159
total_pressure_max = 0.109193892897
r_max_sp_energy = 0.465369853829
specific_internal_energy_max = 0.324322722301
r_max_sp_enth = 0.465369853829
specific_enthalpy_max = 1.4324302964
