r_H = 0.1
W_H = 0.82
M_H = 0.234
J_H = 0.114
M_ADM = 0.933
J_ADM = 0.739
M_SF = 0.699
J_SF = 0.625
m = 1.0
a_star = 0.848948119965
a_star_H = 2.08196362043
l_k_H = nan
l_k_ADM = 2.59122823994
l = 1.15912817057
rho_c = 1.00008799001
gamma = 1.33333333333
q = 1.33333333333
mag_beta_c = 0.00177827941004
v_H = 0.563464880163
a_eq = 0.855359414879
