p_c = 0.000243146301469
mag_p_c = 0.136731218578
l = 1.15912817057
mag_beta_c = 0.00177827941004
r_int = 0.116622670216
r_mb_real = 2.17382863684e-314
l_mb = 1.15912817057
r_c = 0.451770692735
h_c = 1.00097249964
epsilon_c = 0.000729374726715
r_cusp = 0.116699760684
r_center = 0.451770692735
W_cusp = -1.18145045768e-06
W_center = -0.547317460947
r_max_dens = 0.198359532945
density_max = 3.67992688179
r_max_mag_press = 0.218626328891
mag_pressure_max = 0.405301749477
r_max_press = 0.198359532945
pressure_max = 0.00138123944211
r_max_total_press = 0.218457389444
total_pressure_max = 0.406616903493
r_max_sp_energy = 0.198359532945
specific_internal_energy_max = 0.001126032788
r_max_sp_enth = 0.198359532945
specific_enthalpy_max = 1.00150137705
