energy_density_max = 6.81753678818
total_ang_mom_dens_max = 4.14409103572
r_max_energy_density = 0.309802728859
r_max_total_ang_mom_dens = 0.324250438994
peri_r_max_energy_density = 0.939609540396
peri_r_max_total_ang_mom_dens = 0.950111044897
