p_c = 0.0185201004589
mag_p_c = 0.0104146178347
l = 2.77730787881
mag_beta_c = 1.77827941004
r_int = 1.45696885537
r_mb_real = 2.24952082183e-314
l_mb = 2.77730787881
r_c = 3.72659081678
h_c = 1.07408040184
epsilon_c = 0.0555603013768
r_cusp = 1.45733674835
r_center = 3.72659081678
W_cusp = -2.07136707115e-07
W_center = -0.110250100147
r_max_dens = 3.20783812314
density_max = 1.07028821068
r_max_mag_press = 3.53784923547
mag_pressure_max = 0.0105167376552
r_max_press = 3.20783812314
pressure_max = 0.0202757842019
r_max_total_press = 3.31075099883
total_pressure_max = 0.0305224351437
r_max_sp_energy = 3.20783812314
specific_internal_energy_max = 0.0568326848776
r_max_sp_enth = 3.20783812314
specific_enthalpy_max = 1.07577691317
