p_c = 0.183931108751
mag_p_c = 0.0581641236214
l = 1.20407705118
mag_beta_c = 3.16227766017
r_int = 0.105606579349
r_mb_real = 2.24913632018e-314
l_mb = 1.20407705118
r_c = 0.425139204841
h_c = 1.73572443501
epsilon_c = 0.551793326254
r_cusp = 0.105681957084
r_center = 0.425139204841
W_cusp = -1.66520378321e-05
W_center = -0.685464862983
r_max_dens = 0.315303387532
density_max = 1.08691914961
r_max_mag_press = 0.417109936785
mag_pressure_max = 0.0581900006841
r_max_press = 0.315303387532
pressure_max = 0.205550328848
r_max_total_press = 0.334225210007
total_pressure_max = 0.259172240869
r_max_sp_energy = 0.315303387532
specific_internal_energy_max = 0.567338414056
r_max_sp_enth = 0.315303387532
specific_enthalpy_max = 1.75645121874
