p_c = 0.000157395167503
mag_p_c = 0.0157395213142
l = 3.41421357534
mag_beta_c = 0.01
r_int = 2.78047018589
r_mb_real = 2.19452494398e-314
l_mb = 3.41421357534
r_c = 7.03285949425
h_c = 1.0006289274
epsilon_c = 0.00047169554949
r_cusp = 2.78152120646
r_center = 7.03285949425
W_cusp = -1.86897889679e-07
W_center = -0.0634819577585
r_max_dens = 5.14071413846
density_max = 1.52182124096
r_max_mag_press = 5.44413704948
mag_pressure_max = 0.0218984045842
r_max_press = 5.14071413846
pressure_max = 0.000275132412232
r_max_total_press = 5.44413704948
total_pressure_max = 0.0221669406789
r_max_sp_energy = 5.14071413846
specific_internal_energy_max = 0.000542374632764
r_max_sp_enth = 5.14071413846
specific_enthalpy_max = 1.00072316618
