p_c = 0.000165766923944
mag_p_c = 0.0165766925359
l = 3.34362297106
mag_beta_c = 0.01
r_int = 2.63112578028
r_mb_real = 2.24382007897e-314
l_mb = 3.34362297106
r_c = 6.64335483975
h_c = 1.00066304848
epsilon_c = 0.000497286356409
r_cusp = 2.63207141002
r_center = 6.64335483975
W_cusp = -1.62090519301e-07
W_center = -0.066923742645
r_max_dens = 4.84443975201
density_max = 1.52867019474
r_max_mag_press = 5.13373352966
mag_pressure_max = 0.0231657638652
r_max_press = 4.84443975201
pressure_max = 0.000291899145467
r_max_total_press = 5.12942162914
total_pressure_max = 0.0234505732558
r_max_sp_energy = 4.84443975201
specific_internal_energy_max = 0.000572849159624
r_max_sp_enth = 4.84443975201
specific_enthalpy_max = 1.00076379888
