p_c = 0.610062122776
mag_p_c = 0.000192918582217
l = 0.920446895017
mag_beta_c = 3162.27766017
r_int = 0.0527882972713
r_mb_real = 2.20075387068e-314
l_mb = 0.920446895017
r_c = 0.34546691412
h_c = 3.4402484911
epsilon_c = 1.83018636833
r_cusp = 0.0528814318956
r_center = 0.34546691412
W_cusp = -0.000170539759153
W_center = -1.23576801229
r_max_dens = 0.34546691412
density_max = 1.0
r_max_mag_press = 0.401475668686
mag_pressure_max = 0.000204144458334
r_max_press = 0.34546691412
pressure_max = 0.610062122776
r_max_total_press = 0.34546691412
total_pressure_max = 0.610255041358
r_max_sp_energy = 0.34546691412
specific_internal_energy_max = 1.83018636833
r_max_sp_enth = 0.34546691412
specific_enthalpy_max = 3.4402484911
