energy_density_max = 3.61425540174
total_ang_mom_dens_max = 2.14462521239
r_max_energy_density = 0.594075463957
r_max_total_ang_mom_dens = 0.624207464166
peri_r_max_energy_density = 0.980915287215
peri_r_max_total_ang_mom_dens = 1.00743612086
