p_c = 0.167699752572
mag_p_c = 0.0053031317933
l = 2.00063426218
mag_beta_c = 31.6227766017
r_int = 0.00111541391944
r_mb_real = 2.23858883286e-314
l_mb = 2.00063426218
r_c = 0.0368867500569
h_c = 1.67079902336
epsilon_c = 0.503099267523
r_cusp = 0.00119989331725
r_center = 0.0368867500569
W_cusp = -0.0051021124477
W_center = -0.525998006927
r_max_dens = 0.0273837509964
density_max = 1.00928789424
r_max_mag_press = 0.158835572414
mag_pressure_max = 0.00845566416232
r_max_press = 0.0273837509964
pressure_max = 0.169779735267
r_max_total_press = 0.0292137761408
total_pressure_max = 0.174272450252
r_max_sp_energy = 0.0273837509964
specific_internal_energy_max = 0.504652050923
r_max_sp_enth = 0.0273837509964
specific_enthalpy_max = 1.67286940123
