r_H = 0.1108
W_H = 0.9
M_H = 0.36501
J_H = 0.17254
M_ADM = 0.796809
J_ADM = 0.573474
M_SF = 0.431799
J_SF = 0.400934
m = 1.0
a_star = 0.90324438636
a_star_H = 1.295031309
l_k_H = nan
l_k_ADM = 2.08932187322
l = 1.06402371083
rho_c = 1.0
gamma = 1.33333333333
q = 1.33333333333
mag_beta_c = 10000.0
v_H = 0.752375924382
a_eq = 0.960846130016
