p_c = 0.000399205932149
mag_p_c = 0.0399205886665
l = 2.45746184609
mag_beta_c = 0.01
r_int = 0.829031973588
r_mb_real = 2.21697376915e-314
l_mb = 2.45746184609
r_c = 2.25402271659
h_c = 1.00159708047
epsilon_c = 0.00119781035349
r_cusp = 0.829230666804
r_center = 2.25402271659
W_cusp = -2.26500975874e-07
W_center = -0.161049175568
r_max_dens = 1.50417331132
density_max = 1.77461768172
r_max_mag_press = 1.61462973188
mag_pressure_max = 0.0628310766969
r_max_press = 1.50417331132
pressure_max = 0.000857886475015
r_max_total_press = 1.61312221168
total_pressure_max = 0.0636615796138
r_max_sp_energy = 1.50417331132
specific_internal_energy_max = 0.00145026134449
r_max_sp_enth = 1.50417331132
specific_enthalpy_max = 1.00193368179
