p_c = 0.0465814152564
mag_p_c = 0.00147303368844
l = 2.39574673992
mag_beta_c = 31.6227766017
r_int = 0.711943198995
r_mb_real = 2.12580640467e-314
l_mb = 2.39574673992
r_c = 1.98271213881
h_c = 1.18632566103
epsilon_c = 0.139744245769
r_cusp = 0.712118341275
r_center = 1.98271213881
W_cusp = -1.0341537752e-07
W_center = -0.175827559945
r_max_dens = 1.94655397753
density_max = 1.00068503046
r_max_mag_press = 2.28013166528
mag_pressure_max = 0.00154298937662
r_max_press = 1.94655397753
pressure_max = 0.0466239663645
r_max_total_press = 1.95497191153
total_pressure_max = 0.0480794023461
r_max_sp_energy = 1.94655397753
specific_internal_energy_max = 0.139776148174
r_max_sp_enth = 1.94655397753
specific_enthalpy_max = 1.18636819757
