p_c = 0.0426836676888
mag_p_c = 0.00759034873959
l = 2.36711935577
mag_beta_c = 5.6234132519
r_int = 0.658272243274
r_mb_real = 2.20933028113e-314
l_mb = 2.36711935577
r_c = 1.856947682
h_c = 1.17073467076
epsilon_c = 0.128051003066
r_cusp = 0.658437408234
r_center = 1.856947682
W_cusp = -3.6073961847e-07
W_center = -0.183565101352
r_max_dens = 1.70415531966
density_max = 1.01584053411
r_max_mag_press = 1.96558120656
mag_pressure_max = 0.00765318430827
r_max_press = 1.70415531966
pressure_max = 0.0435875488892
r_max_total_press = 1.73787215964
total_pressure_max = 0.0508879258205
r_max_sp_energy = 1.70415531966
specific_internal_energy_max = 0.128723596152
r_max_sp_enth = 1.70415531966
specific_enthalpy_max = 1.17163146154
