p_c = 0.0314459396755
mag_p_c = 0.3144595593
l = 0.920446895017
mag_beta_c = 0.1
r_int = 0.0527882972713
r_mb_real = 2.19249720371e-314
l_mb = 0.920446895017
r_c = 0.34546691412
h_c = 1.12578244938
epsilon_c = 0.0943368370334
r_cusp = 0.0528814318956
r_center = 0.34546691412
W_cusp = -0.000170539759153
W_center = -1.23576801229
r_max_dens = 0.0884569292978
density_max = 6.07484834841
r_max_mag_press = 0.0987945804544
mag_pressure_max = 1.46546740054
r_max_press = 0.0884569292978
pressure_max = 0.348555925577
r_max_total_press = 0.0964886987258
total_pressure_max = 1.80024683724
r_max_sp_energy = 0.0884569292978
specific_internal_energy_max = 0.172130679938
r_max_sp_enth = 0.0884569292978
specific_enthalpy_max = 1.22950757325
