p_c = 0.172067972318
mag_p_c = 0.000967609312296
l = 2.00063426218
mag_beta_c = 177.827941004
r_int = 0.00111541391944
r_mb_real = 2.14885829033e-314
l_mb = 2.00063426218
r_c = 0.0368867500569
h_c = 1.68827190287
epsilon_c = 0.516203927154
r_cusp = 0.00119989331725
r_center = 0.0368867500569
W_cusp = -0.0051021124477
W_center = -0.525998006927
r_max_dens = 0.0346012386529
density_max = 1.00036545544
r_max_mag_press = 0.214905966774
mag_pressure_max = 0.00187174953378
r_max_press = 0.0346012386529
pressure_max = 0.172151826195
r_max_total_press = 0.0351716623781
total_pressure_max = 0.173083704032
r_max_sp_energy = 0.0346012386529
specific_internal_energy_max = 0.516266806072
r_max_sp_enth = 0.0346012386529
specific_enthalpy_max = 1.68835574143
