p_c = 0.000369739149015
mag_p_c = 0.207919609254
l = 1.19854613723
mag_beta_c = 0.00177827941004
r_int = 0.104537220829
r_mb_real = 2.17954759293e-314
l_mb = 1.19854613723
r_c = 0.433729267781
h_c = 1.00147888915
epsilon_c = 0.00110916686603
r_cusp = 0.104617548939
r_center = 0.433729267781
W_cusp = -2.16163476906e-05
W_center = -0.831890220704
r_max_dens = 0.168017628213
density_max = 4.51071564245
r_max_mag_press = 0.18457073468
mag_pressure_max = 0.734994000971
r_max_press = 0.168017628213
pressure_max = 0.00275547387452
r_max_total_press = 0.184412618956
total_pressure_max = 0.737618939159
r_max_sp_energy = 0.168017628213
specific_internal_energy_max = 0.00183261865274
r_max_sp_enth = 0.168017628213
specific_enthalpy_max = 1.00244349154
