p_c = 0.000848923493415
mag_p_c = 0.015096263441
l = 3.41421357534
mag_beta_c = 0.056234132519
r_int = 2.78047018589
r_mb_real = 2.21791073896e-314
l_mb = 3.41421357534
r_c = 7.03285949425
h_c = 1.00339094127
epsilon_c = 0.00254320595609
r_cusp = 2.78152120646
r_center = 7.03285949425
W_cusp = -1.86897889679e-07
W_center = -0.0634819577585
r_max_dens = 5.20130297403
density_max = 1.46789315922
r_max_mag_press = 5.52191838553
mag_pressure_max = 0.0202254579917
r_max_press = 5.20130297403
pressure_max = 0.00141356824663
r_max_total_press = 5.49737712086
total_pressure_max = 0.0216062430795
r_max_sp_energy = 5.20130297403
specific_internal_energy_max = 0.0028889737058
r_max_sp_enth = 5.20130297403
specific_enthalpy_max = 1.00385196494
