p_c = 0.000553876268545
mag_p_c = 0.0311467477839
l = 2.65069628907
mag_beta_c = 0.0177827941004
r_int = 1.20439326868
r_mb_real = 2.2028807719e-314
l_mb = 2.65069628907
r_c = 3.12953703841
h_c = 1.00221577297
epsilon_c = 0.00166182972658
r_cusp = 1.20468367169
r_center = 3.12953703841
W_cusp = -1.95636367743e-07
W_center = -0.126539898251
r_max_dens = 2.17720392246
density_max = 1.65845874202
r_max_mag_press = 2.32519596588
mag_pressure_max = 0.0463464468904
r_max_press = 2.17720392246
pressure_max = 0.00108748264482
r_max_total_press = 2.32155159698
total_pressure_max = 0.0474025578501
r_max_sp_energy = 2.17720392246
specific_internal_energy_max = 0.00196715652419
r_max_sp_enth = 2.17720392246
specific_enthalpy_max = 1.00262287537
