p_c = 0.01199238255
mag_p_c = 0.0379229177949
l = 2.33944440272
mag_beta_c = 0.316227766017
r_int = 0.606502586307
r_mb_real = 2.15054605019e-314
l_mb = 2.33944440272
r_c = 1.73694263792
h_c = 1.04798977187
epsilon_c = 0.0359923289052
r_cusp = 0.606658435128
r_center = 1.73694263792
W_cusp = -1.20715454827e-07
W_center = -0.191680278022
r_max_dens = 1.21705468209
density_max = 1.43881973153
r_max_mag_press = 1.33410054482
mag_pressure_max = 0.0480263576638
r_max_press = 1.21705468209
pressure_max = 0.01949058828
r_max_total_press = 1.29718365489
total_pressure_max = 0.0669701548465
r_max_sp_energy = 1.21705468209
specific_internal_energy_max = 0.0406387009843
r_max_sp_enth = 1.21705468209
specific_enthalpy_max = 1.05418493465
