p_c = 0.151359428566
mag_p_c = 0.0851156616398
l = 1.20407705118
mag_beta_c = 1.77827941004
r_int = 0.105606579349
r_mb_real = 2.17581185587e-314
l_mb = 1.20407705118
r_c = 0.425139204841
h_c = 1.60543771426
epsilon_c = 0.454078285698
r_cusp = 0.105681957084
r_center = 0.425139204841
W_cusp = -1.66520378321e-05
W_center = -0.685464862983
r_max_dens = 0.279810627116
density_max = 1.19706387798
r_max_mag_press = 0.358240357129
mag_pressure_max = 0.0882913957048
r_max_press = 0.279810627116
pressure_max = 0.192382655028
r_max_total_press = 0.300805847968
total_pressure_max = 0.275156572447
r_max_sp_energy = 0.279810627116
specific_internal_energy_max = 0.482136313442
r_max_sp_enth = 0.279810627116
specific_enthalpy_max = 1.64284841792
