p_c = 0.0526542421537
mag_p_c = 0.000166507333676
l = 2.33944440272
mag_beta_c = 316.227766017
r_int = 0.606502586307
r_mb_real = 2.13292777993e-314
l_mb = 2.33944440272
r_c = 1.73694263792
h_c = 1.21061696861
epsilon_c = 0.157962726461
r_cusp = 0.606658435128
r_center = 1.73694263792
W_cusp = -1.20715454827e-07
W_center = -0.191680278022
r_max_dens = 1.73329485592
density_max = 1.00000844936
r_max_mag_press = 2.05833150566
mag_pressure_max = 0.000177340526911
r_max_press = 1.73329485592
pressure_max = 0.0526548353477
r_max_total_press = 1.73420577072
total_pressure_max = 0.0528210952295
r_max_sp_energy = 1.73329485592
specific_internal_energy_max = 0.157963171355
r_max_sp_enth = 1.73329485592
specific_enthalpy_max = 1.21061756181
