p_c = 0.0104601756515
mag_p_c = 0.0186012123488
l = 2.7590527171
mag_beta_c = 0.56234132519
r_int = 1.42010048383
r_mb_real = 2.23505748878e-314
l_mb = 2.7590527171
r_c = 3.63881527247
h_c = 1.04182843067
epsilon_c = 0.0313713230001
r_cusp = 1.42045612549
r_center = 3.63881527247
W_cusp = -9.72712682871e-08
W_center = -0.112373893767
r_max_dens = 2.85182075475
density_max = 1.22831687679
r_max_mag_press = 3.09130085311
mag_pressure_max = 0.020755230928
r_max_press = 2.85182075475
pressure_max = 0.0137546540669
r_max_total_press = 2.98874794318
total_pressure_max = 0.0342319210825
r_max_sp_energy = 2.85182075475
specific_internal_energy_max = 0.0335939064102
r_max_sp_enth = 2.85182075475
specific_enthalpy_max = 1.04479187521
