p_c = 0.000821621040537
mag_p_c = 0.0462031263918
l = 0.934427829084
mag_beta_c = 0.0177827941004
r_int = 0.255175352913
r_mb_real = 2.13905754568e-314
l_mb = 0.934427829084
r_c = 0.724199598529
h_c = 1.00328746515
epsilon_c = 0.00246559885957
r_cusp = 0.255286428582
r_center = 0.724199598529
W_cusp = -5.51970281452e-07
W_center = -0.187543988945
r_max_dens = 0.467734105044
density_max = 1.84951369766
r_max_mag_press = 0.50489446085
mag_pressure_max = 0.0750381156788
r_max_press = 0.467734105044
pressure_max = 0.00186604067635
r_max_total_press = 0.503847527727
total_pressure_max = 0.0768406795459
r_max_sp_energy = 0.467734105044
specific_internal_energy_max = 0.00302680755277
r_max_sp_enth = 0.467734105044
specific_enthalpy_max = 1.0040357434
