r_max_field_energy_density = 0.766286843093
field_energy_density_max = 0.0288879204123
peri_r_max_field_energy_density = 1.35375048594
peri_field_energy_density_max = 0.0288879204123
