energy_density_max = 11.5639796575
total_ang_mom_dens_max = 6.741737599
r_max_energy_density = 0.245562789746
r_max_total_ang_mom_dens = 0.249817818022
peri_r_max_energy_density = 0.896803405809
peri_r_max_total_ang_mom_dens = 0.899419847944
