p_c = 0.023884712255
mag_p_c = 0.0424733437493
l = 2.20000000981
mag_beta_c = 0.56234132519
r_int = 0.351018639411
r_mb_real = 2.1436897787e-314
l_mb = 2.20000000981
r_c = 1.13078114698
h_c = 1.09555905847
epsilon_c = 0.0716692938498
r_cusp = 0.351134497411
r_center = 1.13078114698
W_cusp = -7.26960105002e-08
W_center = -0.246372184676
r_max_dens = 0.779690575815
density_max = 1.35943002338
r_max_mag_press = 0.877891964343
mag_pressure_max = 0.0502715208633
r_max_press = 0.779690575815
pressure_max = 0.0359792107814
r_max_total_press = 0.833914546781
total_pressure_max = 0.0852257752059
r_max_sp_energy = 0.779690575815
specific_internal_energy_max = 0.0793991823688
r_max_sp_enth = 0.779690575815
specific_enthalpy_max = 1.10586557649
