p_c = 0.077839273877
mag_p_c = 0.0778390017378
l = 2.00200033169
mag_beta_c = 1.0
r_int = 0.00338976218366
r_mb_real = 2.1909915762e-314
l_mb = 2.00200033169
r_c = 0.0672994897634
h_c = 1.31136741103
epsilon_c = 0.23352555827
r_cusp = 0.00346525722239
r_center = 0.0672994897634
W_cusp = -0.000816278093025
W_center = -0.508506791543
r_max_dens = 0.016759251858
density_max = 2.18871016665
r_max_mag_press = 0.0283548015606
mag_pressure_max = 0.109192428848
r_max_press = 0.016759251858
pressure_max = 0.221208749499
r_max_total_press = 0.0194854445762
total_pressure_max = 0.317780506174
r_max_sp_energy = 0.016759251858
specific_internal_energy_max = 0.303204260943
r_max_sp_enth = 0.016759251858
specific_enthalpy_max = 1.40427234792
