r_H = 0.0909
W_H = 0.78
M_H = 0.158957
J_H = 0.076272
M_ADM = 0.94021
J_ADM = 0.756664
M_SF = 0.781253
J_SF = 0.680392
m = 1.0
a_star = 0.855959743487
a_star_H = 3.01860174751
l_k_H = nan
l_k_ADM = 2.59408895435
l = 1.20407705118
rho_c = 1.00006466497
gamma = 1.33333333333
q = 1.33333333333
mag_beta_c = 0.000316227766017
v_H = 0.443759708645
a_eq = 0.741501045013
