r_H = 1.73205080757
W_H = 0.0
M_H = 1.0
J_H = 0.5
M_ADM = 1.0
J_ADM = 0.5
M_SF = 0.0
J_SF = 0.0
m = 1.0
a_star = 0.5
a_star_H = 0.5
l_k_H = 3.41421356237
l_k_ADM = 3.41421356237
l = 3.41421357534
rho_c = 1.0
gamma = 1.33333333333
q = 1.33333333333
mag_beta_c = 17.7827941004
v_H = 0.267949192431
a_eq = 0.5
