p_c = 0.198007885241
mag_p_c = 0.111348016584
l = 1.19854613723
mag_beta_c = 1.77827941004
r_int = 0.104537220829
r_mb_real = 2.19495194318e-314
l_mb = 1.19854613723
r_c = 0.433729267781
h_c = 1.79203154096
epsilon_c = 0.594023655722
r_cusp = 0.104617548939
r_center = 0.433729267781
W_cusp = -2.16163476906e-05
W_center = -0.831890220704
r_max_dens = 0.283961984852
density_max = 1.1840209362
r_max_mag_press = 0.370293403185
mag_pressure_max = 0.115144769644
r_max_press = 0.283961984852
pressure_max = 0.248024735115
r_max_total_press = 0.308659213588
total_pressure_max = 0.355580904052
r_max_sp_energy = 0.283961984852
specific_internal_energy_max = 0.628429939536
r_max_sp_enth = 0.283961984852
specific_enthalpy_max = 1.83790658605
