energy_density_max = 4.56657408465
total_ang_mom_dens_max = 2.59266188412
r_max_energy_density = 0.509835702506
r_max_total_ang_mom_dens = 0.527520919244
peri_r_max_energy_density = 0.967403764191
peri_r_max_total_ang_mom_dens = 0.980659823725
