p_c = 0.0182684071632
mag_p_c = 0.0324860171208
l = 2.33944440272
mag_beta_c = 0.56234132519
r_int = 0.606502586307
r_mb_real = 2.24071371039e-314
l_mb = 2.33944440272
r_c = 1.73694263792
h_c = 1.07309704971
epsilon_c = 0.0548227872832
r_cusp = 0.606658435128
r_center = 1.73694263792
W_cusp = -1.20715454827e-07
W_center = -0.191680278022
r_max_dens = 1.27631565098
density_max = 1.29543978635
r_max_mag_press = 1.40981892788
mag_pressure_max = 0.0373876116952
r_max_press = 1.27631565098
pressure_max = 0.0258092800797
r_max_total_press = 1.35120050073
total_pressure_max = 0.0625584233041
r_max_sp_energy = 1.27631565098
specific_internal_energy_max = 0.0597695400858
r_max_sp_enth = 1.27631565098
specific_enthalpy_max = 1.07969272011
