p_c = 0.180345196292
mag_p_c = 0.00180345196292
l = 1.15912817057
mag_beta_c = 100.0
r_int = 0.116622670216
r_mb_real = 2.13543311172e-314
l_mb = 1.15912817057
r_c = 0.451770692735
h_c = 1.72138078517
epsilon_c = 0.541035588875
r_cusp = 0.116699760684
r_center = 0.451770692735
W_cusp = -1.18145045768e-06
W_center = -0.547317460947
r_max_dens = 0.445066384651
density_max = 1.00016757853
r_max_mag_press = 0.646790445359
mag_pressure_max = 0.00204121242239
r_max_press = 0.445066384651
pressure_max = 0.180385493395
r_max_total_press = 0.446669094588
total_pressure_max = 0.18217170494
r_max_sp_energy = 0.445066384651
specific_internal_energy_max = 0.54106580917
r_max_sp_enth = 0.445066384651
specific_enthalpy_max = 1.72142107889
