p_c = 9.05479859333e-05
mag_p_c = 0.090547987682
l = 1.06402371083
mag_beta_c = 0.001
r_int = 0.132875451826
r_mb_real = 2.1383694901e-314
l_mb = 1.06402371083
r_c = 0.470297980931
h_c = 1.00036214847
epsilon_c = 0.000271611352434
r_cusp = 0.132960228361
r_center = 0.470297980931
W_cusp = -1.97717356487e-06
W_center = -0.362379455778
r_max_dens = 0.240042965136
density_max = 2.73495311951
r_max_mag_press = 0.264329903311
mag_pressure_max = 0.205580413004
r_max_press = 0.240042965136
pressure_max = 0.000346265429604
r_max_total_press = 0.264329903311
total_pressure_max = 0.205911017482
r_max_sp_energy = 0.240042965136
specific_internal_energy_max = 0.000379822338234
r_max_sp_enth = 0.240042965136
specific_enthalpy_max = 1.00050642978
