p_c = 0.00695002957583
mag_p_c = 0.123590659628
l = 2.00200033169
mag_beta_c = 0.056234132519
r_int = 0.00338976218366
r_mb_real = 2.18702918553e-314
l_mb = 2.00200033169
r_c = 0.0672994897634
h_c = 1.02780545619
epsilon_c = 0.020854092145
r_cusp = 0.00346525722239
r_center = 0.0672994897634
W_cusp = -0.000816278093025
W_center = -0.508506791543
r_max_dens = 0.00802989440287
density_max = 19.1700397884
r_max_mag_press = 0.00969769795143
mag_pressure_max = 1.53960064383
r_max_press = 0.00802989440287
pressure_max = 0.356666110751
r_max_total_press = 0.0093092607069
total_pressure_max = 1.87280835574
r_max_sp_energy = 0.00802989440287
specific_internal_energy_max = 0.0558161769126
r_max_sp_enth = 0.00802989440287
specific_enthalpy_max = 1.07442156922
