p_c = 0.323838265611
mag_p_c = 0.000575874919919
l = 1.19854613723
mag_beta_c = 562.34132519
r_int = 0.104537220829
r_mb_real = 2.16691367825e-314
l_mb = 1.19854613723
r_c = 0.433729267781
h_c = 2.29535306244
epsilon_c = 0.971514796833
r_cusp = 0.104617548939
r_center = 0.433729267781
W_cusp = -2.16163476906e-05
W_center = -0.831890220704
r_max_dens = 0.432935514654
density_max = 1.00000341715
r_max_mag_press = 0.5333791831
mag_pressure_max = 0.000624197177486
r_max_press = 0.432935514654
pressure_max = 0.323839741083
r_max_total_press = 0.433199991697
total_pressure_max = 0.324414922279
r_max_sp_energy = 0.432935514654
specific_internal_energy_max = 0.971515903435
r_max_sp_enth = 0.432935514654
specific_enthalpy_max = 2.29535453791
