p_c = 0.000277468383205
mag_p_c = 0.0156031902963
l = 3.41421357534
mag_beta_c = 0.0177827941004
r_int = 2.78047018589
r_mb_real = 2.15719388132e-314
l_mb = 3.41421357534
r_c = 7.03285949425
h_c = 1.00111038365
epsilon_c = 0.000832787737668
r_cusp = 2.78152120646
r_center = 7.03285949425
W_cusp = -1.86897889679e-07
W_center = -0.0634819577585
r_max_dens = 5.14928328886
density_max = 1.50966819845
r_max_mag_press = 5.45855578965
mag_pressure_max = 0.0215619156032
r_max_press = 5.14928328886
pressure_max = 0.000480826354569
r_max_total_press = 5.45374116517
total_pressure_max = 0.0220312536974
r_max_sp_energy = 5.14928328886
specific_internal_energy_max = 0.00095549410472
r_max_sp_enth = 5.14928328886
specific_enthalpy_max = 1.00127399214
