p_c = 0.00173216898947
mag_p_c = 0.0308028360216
l = 2.6324555397
mag_beta_c = 0.056234132519
r_int = 1.16843707618
r_mb_real = 2.2036194198e-314
l_mb = 2.6324555397
r_c = 3.04476918435
h_c = 1.00692635602
epsilon_c = 0.00519476701823
r_cusp = 1.16871754501
r_center = 3.04476918435
W_cusp = -2.16289985962e-07
W_center = -0.12922531663
r_max_dens = 2.13749928406
density_max = 1.60331036334
r_max_mag_press = 2.28716088616
mag_pressure_max = 0.0442160030076
r_max_press = 2.13749928406
pressure_max = 0.00324902564732
r_max_total_press = 2.27645452247
total_pressure_max = 0.0473733734261
r_max_sp_energy = 2.13749928406
specific_internal_energy_max = 0.00607934506308
r_max_sp_enth = 2.13749928406
specific_enthalpy_max = 1.00810579342
