p_c = 0.00808153118262
mag_p_c = 0.0255561745484
l = 2.62211129261
mag_beta_c = 0.316227766017
r_int = 1.14806422021
r_mb_real = 2.18668111035e-314
l_mb = 2.62211129261
r_c = 2.99830015116
h_c = 1.03231439485
epsilon_c = 0.0242357961398
r_cusp = 1.14833915964
r_center = 2.99830015116
W_cusp = -1.99954178118e-07
W_center = -0.130792107242
r_max_dens = 2.2304057801
density_max = 1.35551955265
r_max_mag_press = 2.41010457426
mag_pressure_max = 0.0310740151942
r_max_press = 2.2304057801
pressure_max = 0.0121178213531
r_max_total_press = 2.35589439218
total_pressure_max = 0.0429013088483
r_max_sp_energy = 2.2304057801
specific_internal_energy_max = 0.0268188415196
r_max_sp_enth = 2.2304057801
specific_enthalpy_max = 1.03575845536
