p_c = 0.103791025618
mag_p_c = 0.00184569443804
l = 2.0632455533
mag_beta_c = 56.234132519
r_int = 0.108958294315
r_mb_real = 2.18153688304e-314
l_mb = 2.0632455533
r_c = 0.496955955548
h_c = 1.41516410247
epsilon_c = 0.311373076855
r_cusp = 0.109044255896
r_center = 0.496955955548
W_cusp = -3.43793665531e-06
W_center = -0.352462403606
r_max_dens = 0.486291865286
density_max = 1.00042678076
r_max_mag_press = 0.666790647761
mag_pressure_max = 0.00203250940784
r_max_press = 0.486291865286
pressure_max = 0.10385009117
r_max_total_press = 0.488870779049
total_pressure_max = 0.105670747053
r_max_sp_energy = 0.486291865286
specific_internal_energy_max = 0.311417366568
r_max_sp_enth = 0.486291865286
specific_enthalpy_max = 1.41522315542
