p_c = 0.100773518851
mag_p_c = 0.00100773518851
l = 2.07228917239
mag_beta_c = 100.0
r_int = 0.124730053336
r_mb_real = 2.15368682155e-314
l_mb = 2.07228917239
r_c = 0.543250843368
h_c = 1.4030940754
epsilon_c = 0.302320556553
r_cusp = 0.124817800284
r_center = 0.543250843368
W_cusp = -4.5658672008e-06
W_center = -0.341552746049
r_max_dens = 0.536818907887
density_max = 1.00012957953
r_max_mag_press = 0.72617420857
mag_pressure_max = 0.00111254044373
r_max_press = 0.536818907887
pressure_max = 0.10079093014
r_max_total_press = 0.538345073943
total_pressure_max = 0.101791142051
r_max_sp_energy = 0.536818907887
specific_internal_energy_max = 0.302333614174
r_max_sp_enth = 0.536818907887
specific_enthalpy_max = 1.40311148557
