energy_density_max = 3.95837362621
total_ang_mom_dens_max = 2.30387333376
r_max_energy_density = 0.556841575446
r_max_total_ang_mom_dens = 0.584074909123
peri_r_max_energy_density = 1.00308290798
peri_r_max_total_ang_mom_dens = 1.02436702507
