p_c = 0.178958221173
mag_p_c = 0.0031823771997
l = 1.15912817057
mag_beta_c = 56.234132519
r_int = 0.116622670216
r_mb_real = 2.15340957562e-314
l_mb = 1.15912817057
r_c = 0.451770692735
h_c = 1.71583288469
epsilon_c = 0.536874663519
r_cusp = 0.116699760684
r_center = 0.451770692735
W_cusp = -1.18145045768e-06
W_center = -0.547317460947
r_max_dens = 0.440282055358
density_max = 1.00051564373
r_max_mag_press = 0.63695384597
mag_pressure_max = 0.0035681343731
r_max_press = 0.440282055358
pressure_max = 0.179081269993
r_max_total_press = 0.442935618382
total_pressure_max = 0.182211755642
r_max_sp_energy = 0.440282055358
specific_internal_energy_max = 0.536966926348
r_max_sp_enth = 0.440282055358
specific_enthalpy_max = 1.7159559018
