r_H = 0.858253059439
W_H = 0.0
M_H = 1.0
J_H = 0.90324438636
M_ADM = 1.0
J_ADM = 0.90324438636
M_SF = 0.0
J_SF = 0.0
m = 1.0
a_star = 0.90324438636
a_star_H = 0.90324438636
l_k_H = 2.62211128792
l_k_ADM = 2.62211128792
l = 2.62211129261
rho_c = 0.999165744252
gamma = 1.33333333333
q = 1.33333333333
mag_beta_c = 1.0
v_H = 0.632025483802
a_eq = 0.90324438636
