p_c = 0.000194311984238
mag_p_c = 0.0614468447936
l = 2.20000000981
mag_beta_c = 0.00316227766017
r_int = 0.351018639411
r_mb_real = 2.13769762406e-314
l_mb = 2.20000000981
r_c = 1.13078114698
h_c = 1.00077724399
epsilon_c = 0.000582932990067
r_cusp = 0.351134497411
r_center = 1.13078114698
W_cusp = -7.26960105002e-08
W_center = -0.246372184676
r_max_dens = 0.656483690619
density_max = 2.17343674633
r_max_mag_press = 0.717804785683
mag_pressure_max = 0.114259180181
r_max_press = 0.656483690619
pressure_max = 0.00054704869234
r_max_total_press = 0.71746735635
total_pressure_max = 0.114784138098
r_max_sp_energy = 0.656483690619
specific_internal_energy_max = 0.000755092633723
r_max_sp_enth = 0.656483690619
specific_enthalpy_max = 1.00100679018
