p_c = 0.00937944736227
mag_p_c = 0.0031273554877
l = 3.79687967765
mag_beta_c = 2.99916251899
r_int = 3.58553996203
r_mb_real = 2.15614965579e-314
l_mb = 3.79687967765
r_c = 9.24084455661
h_c = 1.03751778945
epsilon_c = 0.0281383420868
r_cusp = 3.58732545471
r_center = 9.24084455661
W_cusp = -1.90610108503e-07
W_center = -0.0488881868661
r_max_dens = 8.39371008346
density_max = 1.02858901784
r_max_mag_press = 9.22776793027
mag_pressure_max = 0.00312735886245
r_max_press = 8.39371008346
pressure_max = 0.00973867249946
r_max_total_press = 8.57118337806
total_pressure_max = 0.0127824515577
r_max_sp_energy = 8.39371008346
specific_internal_energy_max = 0.0284039757296
r_max_sp_enth = 8.39371008346
specific_enthalpy_max = 1.03787196764
