p_c = 0.160591714453
mag_p_c = 0.00507835590948
l = 2.00200033169
mag_beta_c = 31.6227766017
r_int = 0.00338976218366
r_mb_real = 2.20010628895e-314
l_mb = 2.00200033169
r_c = 0.0672994897634
h_c = 1.64236685837
epsilon_c = 0.481775143776
r_cusp = 0.00346525722239
r_center = 0.0672994897634
W_cusp = -0.000816278093025
W_center = -0.508506791543
r_max_dens = 0.0560528370452
density_max = 1.00577413624
r_max_mag_press = 0.19329732624
mag_pressure_max = 0.00700842495908
r_max_press = 0.0560528370452
pressure_max = 0.161829274197
r_max_total_press = 0.0584317832752
total_pressure_max = 0.166414152739
r_max_sp_energy = 0.0560528370452
specific_internal_energy_max = 0.482700643313
r_max_sp_enth = 0.0560528370452
specific_enthalpy_max = 1.64360085775
