energy_density_max = 6.86726796049
total_ang_mom_dens_max = 4.16974545395
r_max_energy_density = 0.308566919229
r_max_total_ang_mom_dens = 0.322341227791
peri_r_max_energy_density = 0.93872483529
peri_r_max_total_ang_mom_dens = 0.94870689231
