p_c = 0.000278082239007
mag_p_c = 0.0879373261704
l = 2.0632455533
mag_beta_c = 0.00316227766017
r_int = 0.108958294315
r_mb_real = 2.18719917573e-314
l_mb = 2.0632455533
r_c = 0.496955955548
h_c = 1.00111230436
epsilon_c = 0.00083422826905
r_cusp = 0.109044255896
r_center = 0.496955955548
W_cusp = -3.43793665531e-06
W_center = -0.352462403606
r_max_dens = 0.21485834435
density_max = 3.29444165049
r_max_mag_press = 0.242130995418
mag_pressure_max = 0.231607014002
r_max_press = 0.21485834435
pressure_max = 0.00136312664305
r_max_total_press = 0.241945279382
total_pressure_max = 0.232897736771
r_max_sp_energy = 0.21485834435
specific_internal_energy_max = 0.00124129681537
r_max_sp_enth = 0.21485834435
specific_enthalpy_max = 1.00165506242
