p_c = 0.00262140124527
mag_p_c = 0.00828966882464
l = 4.00000004098
mag_beta_c = 0.316227766017
r_int = 4.00057264731
r_mb_real = 2.24675240996e-314
l_mb = 4.00000004098
r_c = 10.4737134106
h_c = 1.01046632026
epsilon_c = 0.00784974019374
r_cusp = 4.0028738386
r_center = 10.4737134106
W_cusp = -2.47121804138e-07
W_center = -0.0431667957205
r_max_dens = 8.20109267217
density_max = 1.26113335835
r_max_mag_press = 8.75280019775
mag_pressure_max = 0.00959988691892
r_max_press = 8.20109267217
pressure_max = 0.00356299780698
r_max_total_press = 8.59117586035
total_pressure_max = 0.0130967883311
r_max_sp_energy = 8.20109267217
specific_internal_energy_max = 0.00847570429424
r_max_sp_enth = 8.20109267217
specific_enthalpy_max = 1.01130093906
