p_c = 0.000213676044159
mag_p_c = 0.0120158859234
l = 3.79687967765
mag_beta_c = 0.0177827941004
r_int = 3.58553996203
r_mb_real = 2.21523136958e-314
l_mb = 3.79687967765
r_c = 9.24084455661
h_c = 1.0008549028
epsilon_c = 0.00064117710372
r_cusp = 3.58732545471
r_center = 9.24084455661
W_cusp = -1.90610108503e-07
W_center = -0.0488881868661
r_max_dens = 6.81498859377
density_max = 1.47647102033
r_max_mag_press = 7.2204572843
mag_pressure_max = 0.0163100078937
r_max_press = 6.81498859377
pressure_max = 0.000359354945081
r_max_total_press = 7.20429513403
total_pressure_max = 0.0166612207785
r_max_sp_energy = 6.81498859377
specific_internal_energy_max = 0.000730163220544
r_max_sp_enth = 6.81498859377
specific_enthalpy_max = 1.00097355096
