p_c = 2.81915005424e-06
mag_p_c = 0.0158532457009
l = 3.41421357534
mag_beta_c = 0.000177827941004
r_int = 2.78047018589
r_mb_real = 2.24490680205e-314
l_mb = 3.41421357534
r_c = 7.03285949425
h_c = 1.00001128699
epsilon_c = 8.46523961674e-06
r_cusp = 2.78152120646
r_center = 7.03285949425
W_cusp = -1.86897889679e-07
W_center = -0.0634819577585
r_max_dens = 5.12791370204
density_max = 1.53176335619
r_max_mag_press = 5.42979340177
mag_pressure_max = 0.0222524636807
r_max_press = 5.12791370204
pressure_max = 4.98394802867e-06
r_max_total_press = 5.42979340177
total_pressure_max = 0.0222573273254
r_max_sp_energy = 5.12791370204
specific_internal_energy_max = 9.76119713636e-06
r_max_sp_enth = 5.12791370204
specific_enthalpy_max = 1.00001301493
