p_c = 0.0295664720151
mag_p_c = 0.000166264490542
l = 2.7590527171
mag_beta_c = 177.827941004
r_int = 1.42010048383
r_mb_real = 2.14105695425e-314
l_mb = 2.7590527171
r_c = 3.63881527247
h_c = 1.11826588806
epsilon_c = 0.0886994160452
r_cusp = 1.42045612549
r_center = 3.63881527247
W_cusp = -9.72712682871e-08
W_center = -0.112373893767
r_max_dens = 3.62854821212
density_max = 1.00001645405
r_max_mag_press = 4.17051578635
mag_pressure_max = 0.000174899321583
r_max_press = 3.62854821212
pressure_max = 0.0295671206679
r_max_total_press = 3.63111014183
total_pressure_max = 0.0297330840689
r_max_sp_energy = 3.62854821212
specific_internal_energy_max = 0.0886999025308
r_max_sp_enth = 3.62854821212
specific_enthalpy_max = 1.11826653671
