p_c = 0.173005925205
mag_p_c = 3.076528735e-05
l = 2.00063426218
mag_beta_c = 5623.4132519
r_int = 0.00111541391944
r_mb_real = 2.13404890579e-314
l_mb = 2.00063426218
r_c = 0.0368867500569
h_c = 1.69202371454
epsilon_c = 0.519017785902
r_cusp = 0.00119989331725
r_center = 0.0368867500569
W_cusp = -0.0051021124477
W_center = -0.525998006927
r_max_dens = 0.0367436070897
density_max = 1.00000031823
r_max_mag_press = 0.23164800904
mag_pressure_max = 6.26798195663e-05
r_max_press = 0.0367436070897
pressure_max = 0.173006003184
r_max_total_press = 0.0368867500569
total_pressure_max = 0.173036690493
r_max_sp_energy = 0.0367436070897
specific_internal_energy_max = 0.519017844386
r_max_sp_enth = 0.0367436070897
specific_enthalpy_max = 1.69202379251
