p_c = 0.00395787531832
mag_p_c = 0.125159067021
l = 2.00200033169
mag_beta_c = 0.0316227766017
r_int = 0.00338976218366
r_mb_real = 2.12673325601e-314
l_mb = 2.00200033169
r_c = 0.0672994897634
h_c = 1.01583040529
epsilon_c = 0.0118728039669
r_cusp = 0.00346525722239
r_center = 0.0672994897634
W_cusp = -0.000816278093025
W_center = -0.508506791543
r_max_dens = 0.00765174745806
density_max = 24.1011786441
r_max_mag_press = 0.00918020612309
mag_pressure_max = 1.97680946216
r_max_press = 0.00765174745806
pressure_max = 0.275511498847
r_max_total_press = 0.00892277893148
total_pressure_max = 2.23395738449
r_max_sp_energy = 0.00765174745806
specific_internal_energy_max = 0.0342943599874
r_max_sp_enth = 0.00765174745806
specific_enthalpy_max = 1.04572581332
