p_c = 0.115159301161
mag_p_c = 0.0364165685423
l = 2.0063246157
mag_beta_c = 3.16227766017
r_int = 0.0107871365282
r_mb_real = 2.18298584714e-314
l_mb = 2.0063246157
r_c = 0.125291558349
h_c = 1.46063720465
epsilon_c = 0.345477903484
r_cusp = 0.0108630832391
r_center = 0.125291558349
W_cusp = -0.000132988643512
W_center = -0.478600677313
r_max_dens = 0.0679827147751
density_max = 1.1702411455
r_max_mag_press = 0.12244056211
mag_pressure_max = 0.0364269982811
r_max_press = 0.0679827147751
pressure_max = 0.142014549047
r_max_total_press = 0.0754123804424
total_pressure_max = 0.17297987988
r_max_sp_energy = 0.0679827147751
specific_internal_energy_max = 0.364064832943
r_max_sp_enth = 0.0679827147751
specific_enthalpy_max = 1.48541977726
