p_c = 0.103327435592
mag_p_c = 0.00581052870594
l = 1.06402371083
mag_beta_c = 17.7827941004
r_int = 0.132875451826
r_mb_real = 2.12370783515e-314
l_mb = 1.06402371083
r_c = 0.470297980931
h_c = 1.41330974237
epsilon_c = 0.309982306776
r_cusp = 0.132960228361
r_center = 0.470297980931
W_cusp = -1.97717356487e-06
W_center = -0.362379455778
r_max_dens = 0.445233830185
density_max = 1.0033803336
r_max_mag_press = 0.583364288562
mag_pressure_max = 0.00616993947898
r_max_press = 0.445233830185
pressure_max = 0.10379340604
r_max_total_press = 0.451074633683
total_pressure_max = 0.10941947833
r_max_sp_energy = 0.445233830185
specific_internal_energy_max = 0.310331195154
r_max_sp_enth = 0.445233830185
specific_enthalpy_max = 1.41377492687
