p_c = 0.000705651300225
mag_p_c = 0.0396817040236
l = 2.45746184609
mag_beta_c = 0.0177827941004
r_int = 0.829031973588
r_mb_real = 2.21239819954e-314
l_mb = 2.45746184609
r_c = 2.25402271659
h_c = 1.00282173535
epsilon_c = 0.00211630151577
r_cusp = 0.829230666804
r_center = 2.25402271659
W_cusp = -2.26500975874e-07
W_center = -0.161049175568
r_max_dens = 1.50821923836
density_max = 1.7587622143
r_max_mag_press = 1.61992385551
mag_pressure_max = 0.0618560240263
r_max_press = 1.50821923836
pressure_max = 0.00149745749681
r_max_total_press = 1.61689524563
total_pressure_max = 0.0633059731982
r_max_sp_energy = 1.50821923836
specific_internal_energy_max = 0.00255428076287
r_max_sp_enth = 1.50821923836
specific_enthalpy_max = 1.00340570768
