energy_density_max = 7.32220253961
total_ang_mom_dens_max = 4.4089312903
r_max_energy_density = 0.295187774389
r_max_total_ang_mom_dens = 0.306719325464
peri_r_max_energy_density = 0.929289491723
peri_r_max_total_ang_mom_dens = 0.937406247019
