p_c = 0.109124634305
mag_p_c = 6.13652914658e-05
l = 1.06402371083
mag_beta_c = 1778.27941004
r_int = 0.132875451826
r_mb_real = 2.14778978048e-314
l_mb = 1.06402371083
r_c = 0.470297980931
h_c = 1.43649853722
epsilon_c = 0.327373902914
r_cusp = 0.132960228361
r_center = 0.470297980931
W_cusp = -1.97717356487e-06
W_center = -0.362379455778
r_max_dens = 0.470023212144
density_max = 1.00000012006
r_max_mag_press = 0.634918519953
mag_pressure_max = 6.82382943579e-05
r_max_press = 0.470023212144
pressure_max = 0.109124651773
r_max_total_press = 0.470297980931
total_pressure_max = 0.109185999596
r_max_sp_energy = 0.470023212144
specific_internal_energy_max = 0.327373916015
r_max_sp_enth = 0.470023212144
specific_enthalpy_max = 1.43649855469
