p_c = 0.000840007036343
mag_p_c = 0.0472370631803
l = 2.33944440272
mag_beta_c = 0.0177827941004
r_int = 0.606502586307
r_mb_real = 2.2129789994e-314
l_mb = 2.33944440272
r_c = 1.73694263792
h_c = 1.00336021063
epsilon_c = 0.00252015796881
r_cusp = 0.606658435128
r_center = 1.73694263792
W_cusp = -1.20715454827e-07
W_center = -0.191680278022
r_max_dens = 1.11464187384
density_max = 1.86541011119
r_max_mag_press = 1.20448045128
mag_pressure_max = 0.0772270353725
r_max_press = 1.11464187384
pressure_max = 0.00192906475585
r_max_total_press = 1.20231261436
total_pressure_max = 0.0790896614432
r_max_sp_energy = 1.11464187384
specific_internal_energy_max = 0.00310237101902
r_max_sp_enth = 1.11464187384
specific_enthalpy_max = 1.00413649469
