p_c = 0.324232071545
mag_p_c = 0.000182329092782
l = 1.19854613723
mag_beta_c = 1778.27941004
r_int = 0.104537220829
r_mb_real = 2.14843129113e-314
l_mb = 1.19854613723
r_c = 0.433729267781
h_c = 2.29692828618
epsilon_c = 0.972696214635
r_cusp = 0.104617548939
r_center = 0.433729267781
W_cusp = -2.16163476906e-05
W_center = -0.831890220704
r_max_dens = 0.433464576055
density_max = 1.00000021784
r_max_mag_press = 0.533991356161
mag_pressure_max = 0.000197805008426
r_max_press = 0.433464576055
pressure_max = 0.324232165718
r_max_total_press = 0.433464576055
total_pressure_max = 0.324414410958
r_max_sp_energy = 0.433464576055
specific_internal_energy_max = 0.972696285265
r_max_sp_enth = 0.433464576055
specific_enthalpy_max = 2.29692838035
