p_c = 2.97320701266e-06
mag_p_c = 0.0167195716702
l = 3.34362297106
mag_beta_c = 0.000177827941004
r_int = 2.63112578028
r_mb_real = 2.17546782808e-314
l_mb = 3.34362297106
r_c = 6.64335483975
h_c = 1.00001189894
epsilon_c = 8.92420276747e-06
r_cusp = 2.63207141002
r_center = 6.64335483975
W_cusp = -1.62090519301e-07
W_center = -0.066923742645
r_max_dens = 4.83292846435
density_max = 1.54103227789
r_max_mag_press = 5.12081924246
mag_pressure_max = 0.0235758194537
r_max_press = 4.83292846435
pressure_max = 5.29588034226e-06
r_max_total_press = 5.12081924246
total_pressure_max = 0.0235809846191
r_max_sp_energy = 4.83292846435
specific_internal_energy_max = 1.03097392928e-05
r_max_sp_enth = 4.83292846435
specific_enthalpy_max = 1.00001374632
