p_c = 0.098055463456
mag_p_c = 0.174369789644
l = 1.19854613723
mag_beta_c = 0.56234132519
r_int = 0.104537220829
r_mb_real = 2.17258204202e-314
l_mb = 1.19854613723
r_c = 0.433729267781
h_c = 1.39222584309
epsilon_c = 0.294169382316
r_cusp = 0.104617548939
r_center = 0.433729267781
W_cusp = -2.16163476906e-05
W_center = -0.831890220704
r_max_dens = 0.217058434538
density_max = 1.73594843076
r_max_mag_press = 0.261807943944
mag_pressure_max = 0.243377490957
r_max_press = 0.217058434538
pressure_max = 0.204578557658
r_max_total_press = 0.239011957963
total_pressure_max = 0.439681884328
r_max_sp_energy = 0.217058434538
specific_internal_energy_max = 0.35354487616
r_max_sp_enth = 0.217058434538
specific_enthalpy_max = 1.47139316821
