p_c = 0.0502144613525
mag_p_c = 0.000158792069352
l = 2.36711935577
mag_beta_c = 316.227766017
r_int = 0.658272243274
r_mb_real = 2.18010410848e-314
l_mb = 2.36711935577
r_c = 1.856947682
h_c = 1.20085784541
epsilon_c = 0.150643384058
r_cusp = 0.658437408234
r_center = 1.856947682
W_cusp = -3.6073961847e-07
W_center = -0.183565101352
r_max_dens = 1.85397506501
density_max = 1.00000594426
r_max_mag_press = 2.19267430027
mag_pressure_max = 0.00016893489009
r_max_press = 1.85397506501
pressure_max = 0.0502148593369
r_max_total_press = 1.85496515882
total_pressure_max = 0.0503734574628
r_max_sp_energy = 1.85397506501
specific_internal_energy_max = 0.150643682545
r_max_sp_enth = 1.85397506501
specific_enthalpy_max = 1.20085824339
