p_c = 0.000848426056187
mag_p_c = 0.0848426273033
l = 2.07228917239
mag_beta_c = 0.01
r_int = 0.124730053336
r_mb_real = 2.22135101687e-314
l_mb = 2.07228917239
r_c = 0.543250843368
h_c = 1.00339312714
epsilon_c = 0.00254484535442
r_cusp = 0.124817800284
r_center = 0.543250843368
W_cusp = -4.5658672008e-06
W_center = -0.341552746049
r_max_dens = 0.245863825248
density_max = 3.04943368936
r_max_mag_press = 0.276389754055
mag_pressure_max = 0.208597845454
r_max_press = 0.245863825248
pressure_max = 0.00375094861469
r_max_total_press = 0.275803693896
total_pressure_max = 0.21215607858
r_max_sp_energy = 0.245863825248
specific_internal_energy_max = 0.00369014282334
r_max_sp_enth = 0.245863825248
specific_enthalpy_max = 1.00492019043
