p_c = 0.0261063961815
mag_p_c = 0.00825556734323
l = 2.6324555397
mag_beta_c = 3.16227766017
r_int = 1.16843707618
r_mb_real = 2.18089132501e-314
l_mb = 2.6324555397
r_c = 3.04476918435
h_c = 1.10442558473
epsilon_c = 0.0783191885446
r_cusp = 1.16871754501
r_center = 3.04476918435
W_cusp = -2.16289985962e-07
W_center = -0.12922531663
r_max_dens = 2.72584279927
density_max = 1.03353643282
r_max_mag_press = 3.05262011225
mag_pressure_max = 0.00825569955058
r_max_press = 2.72584279927
pressure_max = 0.0272802269058
r_max_total_press = 2.79367782984
total_pressure_max = 0.0352554924402
r_max_sp_energy = 2.72584279927
specific_internal_energy_max = 0.0791850950952
r_max_sp_enth = 2.72584279927
specific_enthalpy_max = 1.10558012679
