p_c = 4.45036341427e-05
mag_p_c = 0.0140732855488
l = 3.57984163105
mag_beta_c = 0.00316227766017
r_int = 3.1298157959
r_mb_real = 2.22240940824e-314
l_mb = 3.57984163105
r_c = 7.97345443704
h_c = 1.00017789547
epsilon_c = 0.000133421604046
r_cusp = 3.13114819178
r_center = 7.97345443704
W_cusp = -1.16412385532e-08
W_center = -0.0564233645228
r_max_dens = 5.83869950758
density_max = 1.51478682607
r_max_mag_press = 6.18144456761
mag_pressure_max = 0.019544575903
r_max_press = 5.83869950758
pressure_max = 7.73529244533e-05
r_max_total_press = 6.18144456761
total_pressure_max = 0.019620088012
r_max_sp_energy = 5.83869950758
specific_internal_energy_max = 0.000153195663817
r_max_sp_enth = 5.83869950758
specific_enthalpy_max = 1.00020426089
