p_c = 0.0566086825464
mag_p_c = 0.000318334015604
l = 0.933434197827
mag_beta_c = 177.827941004
r_int = 0.280238763035
r_mb_real = 2.24379174727e-314
l_mb = 0.933434197827
r_c = 0.812681112752
h_c = 1.22643473019
epsilon_c = 0.169826047639
r_cusp = 0.280351920522
r_center = 0.812681112752
W_cusp = -2.03144424749e-07
W_center = -0.205149608994
r_max_dens = 0.809024756767
density_max = 1.00003045936
r_max_mag_press = 0.992437398615
mag_pressure_max = 0.000342031643046
r_max_press = 0.809024756767
pressure_max = 0.0566109815769
r_max_total_press = 0.809835818583
total_pressure_max = 0.0569283642903
r_max_sp_energy = 0.809024756767
specific_internal_energy_max = 0.169827771886
r_max_sp_enth = 0.809024756767
specific_enthalpy_max = 1.22643702918
