p_c = 0.00255180238705
mag_p_c = 0.0143498891703
l = 3.34362297106
mag_beta_c = 0.177827941004
r_int = 2.63112578028
r_mb_real = 2.16485558258e-314
l_mb = 3.34362297106
r_c = 6.64335483975
h_c = 1.01019931571
epsilon_c = 0.00764948678451
r_cusp = 2.63207141002
r_center = 6.64335483975
W_cusp = -1.62090519301e-07
W_center = -0.066923742645
r_max_dens = 5.03633822418
density_max = 1.36655888365
r_max_mag_press = 5.36351865675
mag_pressure_max = 0.0178742681718
r_max_press = 5.03633822418
pressure_max = 0.00386577742101
r_max_total_press = 5.30304852343
total_pressure_max = 0.0216561926217
r_max_sp_energy = 5.03633822418
specific_internal_energy_max = 0.00848652217023
r_max_sp_enth = 5.03633822418
specific_enthalpy_max = 1.01131536289
