p_c = 0.0440185791736
mag_p_c = 0.0247534661455
l = 2.20000000981
mag_beta_c = 1.77827941004
r_int = 0.351018639411
r_mb_real = 2.23781982957e-314
l_mb = 2.20000000981
r_c = 1.13078114698
h_c = 1.17607431669
epsilon_c = 0.132055737521
r_cusp = 0.351134497411
r_center = 1.13078114698
W_cusp = -7.26960105002e-08
W_center = -0.246372184676
r_max_dens = 0.899333488853
density_max = 1.10642353585
r_max_mag_press = 1.04070601449
mag_pressure_max = 0.0251542520342
r_max_press = 0.899333488853
pressure_max = 0.0503730090487
r_max_total_press = 0.941726267869
total_pressure_max = 0.0745771695705
r_max_sp_energy = 0.899333488853
specific_internal_energy_max = 0.136583344668
r_max_sp_enth = 0.899333488853
specific_enthalpy_max = 1.18211112622
