p_c = 0.0277437649581
mag_p_c = 0.0277436203465
l = 0.933434197827
mag_beta_c = 1.0
r_int = 0.280238763035
r_mb_real = 2.23605921676e-314
l_mb = 0.933434197827
r_c = 0.812681112752
h_c = 1.11098808843
epsilon_c = 0.0832410663253
r_cusp = 0.280351920522
r_center = 0.812681112752
W_cusp = -2.03144424749e-07
W_center = -0.205149608994
r_max_dens = 0.619904221026
density_max = 1.19132223961
r_max_mag_press = 0.696239053027
mag_pressure_max = 0.0296641132012
r_max_press = 0.619904221026
pressure_max = 0.0350433573334
r_max_total_press = 0.652061979315
total_pressure_max = 0.0639491379301
r_max_sp_energy = 0.619904221026
specific_internal_energy_max = 0.088246545313
r_max_sp_enth = 0.619904221026
specific_enthalpy_max = 1.11766206042
