p_c = 0.324090247843
mag_p_c = 0.000324090247843
l = 1.19854613723
mag_beta_c = 1000.0
r_int = 0.104537220829
r_mb_real = 2.16534329257e-314
l_mb = 1.19854613723
r_c = 0.433729267781
h_c = 2.29636099137
epsilon_c = 0.972270743529
r_cusp = 0.104617548939
r_center = 0.433729267781
W_cusp = -2.16163476906e-05
W_center = -0.831890220704
r_max_dens = 0.433199991697
density_max = 1.00000088867
r_max_mag_press = 0.533685204946
mag_pressure_max = 0.000351485449186
r_max_press = 0.433199991697
pressure_max = 0.324090631856
r_max_total_press = 0.433464576055
total_pressure_max = 0.324414544205
r_max_sp_energy = 0.433199991697
specific_internal_energy_max = 0.972271031539
r_max_sp_enth = 0.433199991697
specific_enthalpy_max = 2.29636137538
