p_c = 0.113292243764
mag_p_c = 0.0201465264402
l = 2.02000000769
mag_beta_c = 5.6234132519
r_int = 0.0342292645894
r_mb_real = 2.23776518986e-314
l_mb = 2.02000000769
r_c = 0.242054631617
h_c = 1.45316897506
epsilon_c = 0.339876731291
r_cusp = 0.034307409192
r_center = 0.242054631617
W_cusp = -1.96790651451e-05
W_center = -0.429202098564
r_max_dens = 0.184188771317
density_max = 1.04557066118
r_max_mag_press = 0.283542077439
mag_pressure_max = 0.0205343485073
r_max_press = 0.184188771317
pressure_max = 0.120227743467
r_max_total_press = 0.194959933269
total_pressure_max = 0.13827302066
r_max_sp_energy = 0.184188771317
specific_internal_energy_max = 0.344963036733
r_max_sp_enth = 0.184188771317
specific_enthalpy_max = 1.45995071564
