p_c = 6.15612300264e-05
mag_p_c = 0.061561231621
l = 2.20000000981
mag_beta_c = 0.001
r_int = 0.351018639411
r_mb_real = 2.12454159662e-314
l_mb = 2.20000000981
r_c = 1.13078114698
h_c = 1.00024618661
epsilon_c = 0.000184639961188
r_cusp = 0.351134497411
r_center = 1.13078114698
W_cusp = -7.26960105002e-08
W_center = -0.246372184676
r_max_dens = 0.655873778601
density_max = 2.18236314368
r_max_mag_press = 0.71713010518
mag_pressure_max = 0.114919664224
r_max_press = 0.655873778601
pressure_max = 0.000174209909766
r_max_total_press = 0.716793032077
total_pressure_max = 0.115086840105
r_max_sp_energy = 0.655873778601
specific_internal_energy_max = 0.000239478810303
r_max_sp_enth = 0.655873778601
specific_enthalpy_max = 1.00031930508
