p_c = 0.000207921900748
mag_p_c = 0.207921894979
l = 1.19854613723
mag_beta_c = 0.001
r_int = 0.104537220829
r_mb_real = 2.17164507221e-314
l_mb = 1.19854613723
r_c = 0.433729267781
h_c = 1.00083175007
epsilon_c = 0.000623812554487
r_cusp = 0.104617548939
r_center = 0.433729267781
W_cusp = -2.16163476906e-05
W_center = -0.831890220704
r_max_dens = 0.167869400475
density_max = 4.52471520286
r_max_mag_press = 0.184412618956
mag_pressure_max = 0.73730646931
r_max_press = 0.167869400475
pressure_max = 0.00155619994047
r_max_total_press = 0.184412618956
total_pressure_max = 0.738788331546
r_max_sp_energy = 0.167869400475
specific_internal_energy_max = 0.00103179970718
r_max_sp_enth = 0.167869400475
specific_enthalpy_max = 1.00137573294
