p_c = 0.0334013911909
mag_p_c = 0.0187829825855
l = 2.33944440272
mag_beta_c = 1.77827941004
r_int = 0.606502586307
r_mb_real = 2.2557295116e-314
l_mb = 2.33944440272
r_c = 1.73694263792
h_c = 1.13360556476
epsilon_c = 0.100204173573
r_cusp = 0.606658435128
r_center = 1.73694263792
W_cusp = -1.20715454827e-07
W_center = -0.191680278022
r_max_dens = 1.43664458396
density_max = 1.08934164834
r_max_mag_press = 1.6229519693
mag_pressure_max = 0.0190301311132
r_max_press = 1.43664458396
pressure_max = 0.0374383499985
r_max_total_press = 1.49324500836
total_pressure_max = 0.0558573696815
r_max_sp_energy = 1.43664458396
specific_internal_energy_max = 0.103103604059
r_max_sp_enth = 1.43664458396
specific_enthalpy_max = 1.13747147208
