p_c = 0.0228645191057
mag_p_c = 1.28576639737e-05
l = 3.01685585031
mag_beta_c = 1778.27941004
r_int = 1.9462863345
r_mb_real = 2.24092822184e-314
l_mb = 3.01685585031
r_c = 4.91124046632
h_c = 1.09145807642
epsilon_c = 0.068593557317
r_cusp = 1.94684681898
r_center = 4.91124046632
W_cusp = -1.08759384503e-07
W_center = -0.0875616081841
r_max_dens = 4.90704515377
density_max = 1.00000002011
r_max_mag_press = 5.60445990384
mag_pressure_max = 1.35103596325e-05
r_max_press = 4.90704515377
pressure_max = 0.0228645197188
r_max_total_press = 4.91124046632
total_pressure_max = 0.0228773767696
r_max_sp_energy = 4.90704515377
specific_internal_energy_max = 0.0685935577768
r_max_sp_enth = 4.90704515377
specific_enthalpy_max = 1.09145807704
