p_c = 0.089370898529
mag_p_c = 0.0158926428711
l = 2.0632455533
mag_beta_c = 5.6234132519
r_int = 0.108958294315
r_mb_real = 2.16720104264e-314
l_mb = 2.0632455533
r_c = 0.496955955548
h_c = 1.35748359412
epsilon_c = 0.268112695587
r_cusp = 0.109044255896
r_center = 0.496955955548
W_cusp = -3.43793665531e-06
W_center = -0.352462403606
r_max_dens = 0.419629653739
density_max = 1.02923635361
r_max_mag_press = 0.550320299634
mag_pressure_max = 0.0161011530553
r_max_press = 0.419629653739
pressure_max = 0.0928716042745
r_max_total_press = 0.435343831881
total_pressure_max = 0.107676246461
r_max_sp_energy = 0.419629653739
specific_internal_energy_max = 0.270700516792
r_max_sp_enth = 0.419629653739
specific_enthalpy_max = 1.36093402239
