energy_density_max = 53.1826362618
total_ang_mom_dens_max = 33.380436778
r_max_energy_density = 0.145289241679
r_max_total_ang_mom_dens = 0.146080591604
peri_r_max_energy_density = 0.623228226826
peri_r_max_total_ang_mom_dens = 0.624310472255
