p_c = 0.0167725623058
mag_p_c = 0.000530394990833
l = 3.34362297106
mag_beta_c = 31.6227766017
r_int = 2.63112578028
r_mb_real = 2.25258671655e-314
l_mb = 3.34362297106
r_c = 6.64335483975
h_c = 1.06709024922
epsilon_c = 0.0503176869173
r_cusp = 2.63207141002
r_center = 6.64335483975
W_cusp = -1.62090519301e-07
W_center = -0.066923742645
r_max_dens = 6.55207005184
density_max = 1.00053008374
r_max_mag_press = 7.40076429623
mag_pressure_max = 0.000549410705638
r_max_press = 6.55207005184
pressure_max = 0.0167844178364
r_max_total_press = 6.57292167626
total_pressure_max = 0.0173100251175
r_max_sp_energy = 6.55207005184
specific_internal_energy_max = 0.0503265762094
r_max_sp_enth = 6.55207005184
specific_enthalpy_max = 1.06710210161
