p_c = 0.0341189641196
mag_p_c = 0.0606722588931
l = 2.07228917239
mag_beta_c = 0.56234132519
r_int = 0.124730053336
r_mb_real = 2.19614592198e-314
l_mb = 2.07228917239
r_c = 0.543250843368
h_c = 1.13650925206
epsilon_c = 0.102381939048
r_cusp = 0.124817800284
r_center = 0.543250843368
W_cusp = -4.5658672008e-06
W_center = -0.341552746049
r_max_dens = 0.314697576088
density_max = 1.54305142611
r_max_mag_press = 0.372502692036
mag_pressure_max = 0.0774089858669
r_max_press = 0.314697576088
pressure_max = 0.0608571181009
r_max_total_press = 0.344616566617
total_pressure_max = 0.136011807714
r_max_sp_energy = 0.314697576088
specific_internal_energy_max = 0.118318386033
r_max_sp_enth = 0.314697576088
specific_enthalpy_max = 1.15775784804
