energy_density_max = 10.6316742277
total_ang_mom_dens_max = 5.70533997402
r_max_energy_density = 0.407245272288
r_max_total_ang_mom_dens = 0.41302100604
peri_r_max_energy_density = 0.895288506352
peri_r_max_total_ang_mom_dens = 0.89909979795
