r_H = 0.088
W_H = 0.74
M_H = 0.0872916
J_H = 0.03432
M_ADM = 0.959175
J_ADM = 0.8718834
M_SF = 0.781253
J_SF = 0.746933
m = 1.0
a_star = 0.947682165293
a_star_H = 3.94710197935
l_k_H = nan
l_k_ADM = 2.35713596434
l = 1.19854613723
rho_c = 1.00002751464
gamma = 1.33333333333
q = 1.33333333333
mag_beta_c = 0.00316227766017
v_H = 0.29883308362
a_eq = 0.548669331062
