r_H = 0.476577323318
W_H = 0.0
M_H = 1.0
J_H = 0.971194374842
M_ADM = 1.0
J_ADM = 0.971194374842
M_SF = 0.0
J_SF = 0.0
m = 1.0
a_star = 0.971194374842
a_star_H = 0.971194374842
l_k_H = 2.33944439991
l_k_ADM = 2.33944439991
l = 2.33944440272
rho_c = 1.0
gamma = 1.33333333333
q = 1.33333333333
mag_beta_c = 10.0
v_H = 0.784303696636
a_eq = 0.971194374842
