p_c = 0.00022536353915
mag_p_c = 0.0400759352647
l = 2.45746184609
mag_beta_c = 0.0056234132519
r_int = 0.829031973588
r_mb_real = 2.20486803831e-314
l_mb = 2.45746184609
r_c = 2.25402271659
h_c = 1.00090139121
epsilon_c = 0.000676043403908
r_cusp = 0.829230666804
r_center = 2.25402271659
W_cusp = -2.26500975874e-07
W_center = -0.161049175568
r_max_dens = 1.50148582269
density_max = 1.78468817542
r_max_mag_press = 1.61236929667
mag_pressure_max = 0.063426446506
r_max_press = 1.50148582269
pressure_max = 0.000487820084311
r_max_total_press = 1.61086515417
total_pressure_max = 0.0638986338443
r_max_sp_energy = 1.50148582269
specific_internal_energy_max = 0.000820008936626
r_max_sp_enth = 1.50148582269
specific_enthalpy_max = 1.00109334525
