p_c = 0.0755810352726
mag_p_c = 0.0252007134638
l = 2.07228917239
mag_beta_c = 2.99916251899
r_int = 0.124730053336
r_mb_real = 2.12749214084e-314
l_mb = 2.07228917239
r_c = 0.543250843368
h_c = 1.30232414109
epsilon_c = 0.226743105818
r_cusp = 0.124817800284
r_center = 0.543250843368
W_cusp = -4.5658672008e-06
W_center = -0.341552746049
r_max_dens = 0.423565822064
density_max = 1.07419368588
r_max_mag_press = 0.535296005506
mag_pressure_max = 0.0252086939728
r_max_press = 0.423565822064
pressure_max = 0.0831488595141
r_max_total_press = 0.445565570083
total_pressure_max = 0.10673160023
r_max_sp_energy = 0.423565822064
specific_internal_energy_max = 0.232217505856
r_max_sp_enth = 0.423565822064
specific_enthalpy_max = 1.30962334114
