p_c = 0.000565956028731
mag_p_c = 0.0318260593552
l = 2.6324555397
mag_beta_c = 0.0177827941004
r_int = 1.16843707618
r_mb_real = 2.15623667459e-314
l_mb = 2.6324555397
r_c = 3.04476918435
h_c = 1.0022629002
epsilon_c = 0.00169717515198
r_cusp = 1.16871754501
r_center = 3.04476918435
W_cusp = -2.16289985962e-07
W_center = -0.12922531663
r_max_dens = 2.11233751153
density_max = 1.66603535318
r_max_mag_press = 2.25763743078
mag_pressure_max = 0.0475066344159
r_max_press = 2.11233751153
pressure_max = 0.00111718543994
r_max_total_press = 2.25413972415
total_pressure_max = 0.048591337967
r_max_sp_energy = 2.11233751153
specific_internal_energy_max = 0.0020116957983
r_max_sp_enth = 2.11233751153
specific_enthalpy_max = 1.00268226106
