r_max_field_energy_density = 0.497397351191
field_energy_density_max = 0.504109122699
peri_r_max_field_energy_density = 1.18965921836
peri_field_energy_density_max = 0.504109122699
