energy_density_max = 15.1709776139
total_ang_mom_dens_max = 9.87753425981
r_max_energy_density = 0.179823138688
r_max_total_ang_mom_dens = 0.183055468263
peri_r_max_energy_density = 0.675711715798
peri_r_max_total_ang_mom_dens = 0.68036895313
