p_c = 0.000611169914699
mag_p_c = 0.0611169756223
l = 2.20000000981
mag_beta_c = 0.01
r_int = 0.351018639411
r_mb_real = 2.24968878834e-314
l_mb = 2.20000000981
r_c = 1.13078114698
h_c = 1.00244526442
epsilon_c = 0.00183394831183
r_cusp = 0.351134497411
r_center = 1.13078114698
W_cusp = -7.26960105002e-08
W_center = -0.246372184676
r_max_dens = 0.658929808644
density_max = 2.14696702665
r_max_mag_press = 0.720849683002
mag_pressure_max = 0.112277113034
r_max_press = 0.658929808644
pressure_max = 0.00169330149694
r_max_total_press = 0.719494608184
total_pressure_max = 0.113902464362
r_max_sp_energy = 0.658929808644
specific_internal_energy_max = 0.00236608407478
r_max_sp_enth = 0.658929808644
specific_enthalpy_max = 1.00315477877
