energy_density_max = 9.83331259349
total_ang_mom_dens_max = 5.24081651775
r_max_energy_density = 0.114454640983
r_max_total_ang_mom_dens = 0.123270187975
peri_r_max_energy_density = 0.378925809323
peri_r_max_total_ang_mom_dens = 0.407195312976
