p_c = 0.0156048693143
mag_p_c = 0.0493467460162
l = 2.20000000981
mag_beta_c = 0.316227766017
r_int = 0.351018639411
r_mb_real = 2.13691647861e-314
l_mb = 2.20000000981
r_c = 1.13078114698
h_c = 1.06242837069
epsilon_c = 0.0468212780175
r_cusp = 0.351134497411
r_center = 1.13078114698
W_cusp = -7.26960105002e-08
W_center = -0.246372184676
r_max_dens = 0.735946060377
density_max = 1.54223859321
r_max_mag_press = 0.820462810107
mag_pressure_max = 0.0655143969353
r_max_press = 0.735946060377
pressure_max = 0.0278106659961
r_max_total_press = 0.793149461123
total_pressure_max = 0.0924265420671
r_max_sp_energy = 0.735946060377
specific_internal_energy_max = 0.054097983513
r_max_sp_enth = 0.735946060377
specific_enthalpy_max = 1.07213064468
