p_c = 0.0124260399402
mag_p_c = 0.00392945885074
l = 3.41421357534
mag_beta_c = 3.16227766017
r_int = 2.78047018589
r_mb_real = 2.15752779065e-314
l_mb = 3.41421357534
r_c = 7.03285949425
h_c = 1.04970415976
epsilon_c = 0.0372781198208
r_cusp = 2.78152120646
r_center = 7.03285949425
W_cusp = -1.86897889679e-07
W_center = -0.0634819577585
r_max_dens = 6.39252557428
density_max = 1.02798899397
r_max_mag_press = 7.04866760021
mag_pressure_max = 0.00392955819378
r_max_press = 6.39252557428
pressure_max = 0.0128919129736
r_max_total_press = 6.53324066148
total_pressure_max = 0.0167095781074
r_max_sp_energy = 6.39252557428
specific_internal_energy_max = 0.0376227169237
r_max_sp_enth = 6.39252557428
specific_enthalpy_max = 1.05016362256
