p_c = 0.0835525677007
mag_p_c = 0.0469850616438
l = 2.02000000769
mag_beta_c = 1.77827941004
r_int = 0.0342292645894
r_mb_real = 2.20625022055e-314
l_mb = 2.02000000769
r_c = 0.242054631617
h_c = 1.3342102708
epsilon_c = 0.250657703102
r_cusp = 0.034307409192
r_center = 0.242054631617
W_cusp = -1.96790651451e-05
W_center = -0.429202098564
r_max_dens = 0.139114376317
density_max = 1.24991769935
r_max_mag_press = 0.195710597818
mag_pressure_max = 0.0488939523045
r_max_press = 0.139114376317
pressure_max = 0.112495467495
r_max_total_press = 0.153121389661
total_pressure_max = 0.157372368577
r_max_sp_energy = 0.139114376317
specific_internal_energy_max = 0.270006899385
r_max_sp_enth = 0.139114376317
specific_enthalpy_max = 1.36000919918
