p_c = 9.3526550208e-05
mag_p_c = 0.0166316318646
l = 3.34362297106
mag_beta_c = 0.0056234132519
r_int = 2.63112578028
r_mb_real = 2.21198536619e-314
l_mb = 3.34362297106
r_c = 6.64335483975
h_c = 1.00037437514
epsilon_c = 0.000280781353615
r_cusp = 2.63207141002
r_center = 6.64335483975
W_cusp = -1.62090519301e-07
W_center = -0.066923742645
r_max_dens = 4.84059657765
density_max = 1.53333664182
r_max_mag_press = 5.12942162914
mag_pressure_max = 0.0233346459001
r_max_press = 4.84059657765
pressure_max = 0.000165526573563
r_max_total_press = 5.12511687227
total_pressure_max = 0.0234961513893
r_max_sp_energy = 4.84059657765
specific_internal_energy_max = 0.000323855640794
r_max_sp_enth = 4.84059657765
specific_enthalpy_max = 1.00043180752
