p_c = 0.00551581963555
mag_p_c = 0.310177286449
l = 0.920446895017
mag_beta_c = 0.0177827941004
r_int = 0.0527882972713
r_mb_real = 2.19595164746e-314
l_mb = 0.920446895017
r_c = 0.34546691412
h_c = 1.02206361875
epsilon_c = 0.0165477140588
r_cusp = 0.0528814318956
r_center = 0.34546691412
W_cusp = -0.000170539759153
W_center = -1.23576801229
r_max_dens = 0.0835418799039
density_max = 9.20826662931
r_max_mag_press = 0.0913817317145
mag_pressure_max = 2.17312596425
r_max_press = 0.0835418799039
pressure_max = 0.106460744725
r_max_total_press = 0.0909613950357
total_pressure_max = 2.27526194733
r_max_sp_energy = 0.0835418799039
specific_internal_energy_max = 0.034684294779
r_max_sp_enth = 0.0835418799039
specific_enthalpy_max = 1.04624572637
