p_c = 0.0479065806379
mag_p_c = 0.000151493909726
l = 2.39574673992
mag_beta_c = 316.227766017
r_int = 0.711943198995
r_mb_real = 2.1675814969e-314
l_mb = 2.39574673992
r_c = 1.98271213881
h_c = 1.19162632255
epsilon_c = 0.143719741914
r_cusp = 0.712118341275
r_center = 1.98271213881
W_cusp = -1.0341537752e-07
W_center = -0.175827559945
r_max_dens = 1.97840596006
density_max = 1.00000803224
r_max_mag_press = 2.3316513991
mag_pressure_max = 0.000160931254726
r_max_press = 1.97840596006
pressure_max = 0.0479070937014
r_max_total_press = 1.97948118252
total_pressure_max = 0.0480583745399
r_max_sp_energy = 1.97840596006
specific_internal_energy_max = 0.14372012671
r_max_sp_enth = 1.97840596006
specific_enthalpy_max = 1.19162683561
