p_c = 0.00983687782738
mag_p_c = 0.311069376294
l = 0.920446895017
mag_beta_c = 0.0316227766017
r_int = 0.0527882972713
r_mb_real = 2.2134909937e-314
l_mb = 0.920446895017
r_c = 0.34546691412
h_c = 1.03934761429
epsilon_c = 0.0295107107196
r_cusp = 0.0528814318956
r_center = 0.34546691412
W_cusp = -0.000170539759153
W_center = -1.23576801229
r_max_dens = 0.0844874471044
density_max = 8.45606039267
r_max_mag_press = 0.0926476616154
mag_pressure_max = 2.00745607067
r_max_press = 0.0844874471044
pressure_max = 0.169466123218
r_max_total_press = 0.091943460126
total_pressure_max = 2.17008283406
r_max_sp_energy = 0.0844874471044
specific_internal_energy_max = 0.0601223673963
r_max_sp_enth = 0.0844874471044
specific_enthalpy_max = 1.08016315653
