p_c = 0.000278605828924
mag_p_c = 0.0278605900348
l = 2.7590527171
mag_beta_c = 0.01
r_int = 1.42010048383
r_mb_real = 2.13762274743e-314
l_mb = 2.7590527171
r_c = 3.63881527247
h_c = 1.00111384567
epsilon_c = 0.00083538424969
r_cusp = 1.42045612549
r_center = 3.63881527247
W_cusp = -9.72712682871e-08
W_center = -0.112373893767
r_max_dens = 2.56137363125
density_max = 1.63558056156
r_max_mag_press = 2.72898438144
mag_pressure_max = 0.0410552400528
r_max_press = 2.56137363125
pressure_max = 0.000536519970377
r_max_total_press = 2.72592338119
total_pressure_max = 0.0415767905941
r_max_sp_energy = 2.56137363125
specific_internal_energy_max = 0.000984090878163
r_max_sp_enth = 2.56137363125
specific_enthalpy_max = 1.00131212117
