p_c = 0.0567476774591
mag_p_c = 0.000179451912695
l = 0.933434197827
mag_beta_c = 316.227766017
r_int = 0.280238763035
r_mb_real = 2.23305605651e-314
l_mb = 0.933434197827
r_c = 0.812681112752
h_c = 1.22699070984
epsilon_c = 0.170243032377
r_cusp = 0.280351920522
r_center = 0.812681112752
W_cusp = -2.03144424749e-07
W_center = -0.205149608994
r_max_dens = 0.810647714772
density_max = 1.00001053745
r_max_mag_press = 0.994954887503
mag_pressure_max = 0.000193134882937
r_max_press = 0.810647714772
pressure_max = 0.0567484747614
r_max_total_press = 0.811053976096
total_pressure_max = 0.0569276078661
r_max_sp_energy = 0.810647714772
specific_internal_energy_max = 0.170243630351
r_max_sp_enth = 0.810647714772
specific_enthalpy_max = 1.22699150713
