p_c = 2.78550384723e-05
mag_p_c = 0.0880853652803
l = 2.0632455533
mag_beta_c = 0.000316227766017
r_int = 0.108958294315
r_mb_real = 2.21245081556e-314
l_mb = 2.0632455533
r_c = 0.496955955548
h_c = 1.00011143558
epsilon_c = 8.35766840287e-05
r_cusp = 0.109044255896
r_center = 0.496955955548
W_cusp = -3.43793665531e-06
W_center = -0.352462403606
r_max_dens = 0.21433953396
density_max = 3.3225190219
r_max_mag_press = 0.241388630035
mag_pressure_max = 0.234015546779
r_max_press = 0.21433953396
pressure_max = 0.000138125508254
r_max_total_press = 0.241388630035
total_pressure_max = 0.23414633004
r_max_sp_energy = 0.21433953396
specific_internal_energy_max = 0.000124717577847
r_max_sp_enth = 0.21433953396
specific_enthalpy_max = 1.0001662901
