p_c = 0.00334418617555
mag_p_c = 0.0188056849971
l = 3.01685585031
mag_beta_c = 0.177827941004
r_int = 1.9462863345
r_mb_real = 2.2543918506e-314
l_mb = 3.01685585031
r_c = 4.91124046632
h_c = 1.01338351513
epsilon_c = 0.01003763635
r_cusp = 1.94684681898
r_center = 4.91124046632
W_cusp = -1.08759384503e-07
W_center = -0.0875616081841
r_max_dens = 3.67633524846
density_max = 1.39368041417
r_max_mag_press = 3.92710131615
mag_pressure_max = 0.0237767652835
r_max_press = 3.67633524846
pressure_max = 0.00520956007664
r_max_total_press = 3.87811494018
total_pressure_max = 0.028866043509
r_max_sp_energy = 3.67633524846
specific_internal_energy_max = 0.0112139627357
r_max_sp_enth = 3.67633524846
specific_enthalpy_max = 1.01495195031
