p_c = 0.000171319955567
mag_p_c = 0.171319957905
l = 1.20407705118
mag_beta_c = 0.001
r_int = 0.105606579349
r_mb_real = 2.13545334865e-314
l_mb = 1.20407705118
r_c = 0.425139204841
h_c = 1.00068524908
epsilon_c = 0.000513936812988
r_cusp = 0.105681957084
r_center = 0.425139204841
W_cusp = -1.66520378321e-05
W_center = -0.685464862983
r_max_dens = 0.173257653725
density_max = 4.24513015376
r_max_mag_press = 0.190720349693
mag_pressure_max = 0.576788755848
r_max_press = 0.173257653725
pressure_max = 0.00117752460893
r_max_total_press = 0.190560738092
total_pressure_max = 0.577908691023
r_max_sp_energy = 0.173257653725
specific_internal_energy_max = 0.00083214735446
r_max_sp_enth = 0.173257653725
specific_enthalpy_max = 1.00110952981
