p_c = 0.00119033342303
mag_p_c = 0.119033356246
l = 2.0063246157
mag_beta_c = 0.01
r_int = 0.0107871365282
r_mb_real = 2.19211877314e-314
l_mb = 2.0063246157
r_c = 0.125291558349
h_c = 1.00476106888
epsilon_c = 0.00357080165635
r_cusp = 0.0108630832391
r_center = 0.125291558349
W_cusp = -0.000132988643512
W_center = -0.478600677313
r_max_dens = 0.0226448426353
density_max = 12.6415797107
r_max_mag_press = 0.0265373661435
mag_pressure_max = 1.0436896992
r_max_press = 0.0226448426353
pressure_max = 0.0350513608825
r_max_total_press = 0.0264056750287
total_pressure_max = 1.07638703841
r_max_sp_energy = 0.0226448426353
specific_internal_energy_max = 0.0083181125345
r_max_sp_enth = 0.0226448426353
specific_enthalpy_max = 1.01109081671
