r_H = 0.00894424954927
W_H = 0.0
M_H = 1.0
J_H = 0.99999
M_ADM = 1.0
J_ADM = 0.99999
M_SF = 0.0
J_SF = 0.0
m = 1.0
a_star = 0.99999
a_star_H = 0.99999
l_k_H = 2.00632455532
l_k_ADM = 2.00632455532
l = 2.0063246157
rho_c = 1.0
gamma = 1.33333333333
q = 1.33333333333
mag_beta_c = 2.99916251899
v_H = 0.995537830604
a_eq = 0.99999
