p_c = 0.113551022469
mag_p_c = 0.0378609100873
l = 2.0063246157
mag_beta_c = 2.99916251899
r_int = 0.0107871365282
r_mb_real = 2.21478008607e-314
l_mb = 2.0063246157
r_c = 0.125291558349
h_c = 1.45420408987
epsilon_c = 0.340653067406
r_cusp = 0.0108630832391
r_center = 0.125291558349
W_cusp = -0.000132988643512
W_center = -0.478600677313
r_max_dens = 0.0666307350781
density_max = 1.1838741187
r_max_mag_press = 0.119105396748
mag_pressure_max = 0.0379106597716
r_max_press = 0.0666307350781
pressure_max = 0.142210528675
r_max_total_press = 0.0741914520139
total_pressure_max = 0.174549114079
r_max_sp_energy = 0.0666307350781
specific_internal_energy_max = 0.360369045394
r_max_sp_enth = 0.0666307350781
specific_enthalpy_max = 1.48049206053
