p_c = 0.00950311547197
mag_p_c = 0.0030051489759
l = 3.79687967765
mag_beta_c = 3.16227766017
r_int = 3.58553996203
r_mb_real = 2.18647064629e-314
l_mb = 3.79687967765
r_c = 9.24084455661
h_c = 1.03801246189
epsilon_c = 0.0285093464159
r_cusp = 3.58732545471
r_center = 9.24084455661
W_cusp = -1.90610108503e-07
W_center = -0.0488881868661
r_max_dens = 8.42644060932
density_max = 1.02645415814
r_max_mag_press = 9.26710554871
mag_pressure_max = 0.00300526624781
r_max_press = 8.42644060932
pressure_max = 0.0098397806586
r_max_total_press = 8.59388068903
total_pressure_max = 0.0127631801493
r_max_sp_energy = 8.42644060932
specific_internal_energy_max = 0.0287585585207
r_max_sp_enth = 8.42644060932
specific_enthalpy_max = 1.03834474469
