p_c = 0.129878458114
mag_p_c = 0.0041071174663
l = 2.02000000769
mag_beta_c = 31.6227766017
r_int = 0.0342292645894
r_mb_real = 2.20189928085e-314
l_mb = 2.02000000769
r_c = 0.242054631617
h_c = 1.51951383246
epsilon_c = 0.389635374342
r_cusp = 0.034307409192
r_center = 0.242054631617
W_cusp = -1.96790651451e-05
W_center = -0.429202098564
r_max_dens = 0.227181663629
density_max = 1.00208561441
r_max_mag_press = 0.376441857146
mag_pressure_max = 0.00468608170956
r_max_press = 0.227181663629
pressure_max = 0.13023975211
r_max_total_press = 0.230565304209
total_pressure_max = 0.134197966325
r_max_sp_energy = 0.227181663629
specific_internal_energy_max = 0.389906062629
r_max_sp_enth = 0.227181663629
specific_enthalpy_max = 1.51987475017
