p_c = 0.0193527294951
mag_p_c = 0.108828370802
l = 2.0063246157
mag_beta_c = 0.177827941004
r_int = 0.0107871365282
r_mb_real = 2.17042073802e-314
l_mb = 2.0063246157
r_c = 0.125291558349
h_c = 1.0774114682
epsilon_c = 0.0580586011522
r_cusp = 0.0108630832391
r_center = 0.125291558349
W_cusp = -0.000132988643512
W_center = -0.478600677313
r_max_dens = 0.0279936319622
density_max = 5.39665183497
r_max_mag_press = 0.0351758321967
mag_pressure_max = 0.40007717664
r_max_press = 0.0279936319622
pressure_max = 0.183194406586
r_max_total_press = 0.0325729035611
total_pressure_max = 0.572151681454
r_max_sp_energy = 0.0279936319622
specific_internal_energy_max = 0.101837812882
r_max_sp_enth = 0.0279936319622
specific_enthalpy_max = 1.13578375051
