p_c = 0.223307626799
mag_p_c = 0.0223307626799
l = 1.20407705118
mag_beta_c = 10.0
r_int = 0.105606579349
r_mb_real = 2.13705611342e-314
l_mb = 1.20407705118
r_c = 0.425139204841
h_c = 1.8932305072
epsilon_c = 0.669922880397
r_cusp = 0.105681957084
r_center = 0.425139204841
W_cusp = -1.66520378321e-05
W_center = -0.685464862983
r_max_dens = 0.375306357911
density_max = 1.01295165991
r_max_mag_press = 0.508343090422
mag_pressure_max = 0.0232302559537
r_max_press = 0.375306357911
pressure_max = 0.227172199742
r_max_total_press = 0.386227058949
total_pressure_max = 0.248113808572
r_max_sp_energy = 0.375306357911
specific_internal_energy_max = 0.672802687627
r_max_sp_enth = 0.375306357911
specific_enthalpy_max = 1.89707025017
