p_c = 0.0113484918729
mag_p_c = 0.113485023112
l = 2.0063246157
mag_beta_c = 0.1
r_int = 0.0107871365282
r_mb_real = 2.17548199393e-314
l_mb = 2.0063246157
r_c = 0.125291558349
h_c = 1.04539180393
epsilon_c = 0.0340438529463
r_cusp = 0.0108630832391
r_center = 0.125291558349
W_cusp = -0.000132988643512
W_center = -0.478600677313
r_max_dens = 0.0257490585152
density_max = 7.33094954312
r_max_mag_press = 0.0313503084315
mag_pressure_max = 0.570019831845
r_max_press = 0.0257490585152
pressure_max = 0.161606016433
r_max_total_press = 0.0298658731341
total_pressure_max = 0.721470427581
r_max_sp_energy = 0.0257490585152
specific_internal_energy_max = 0.0661330495385
r_max_sp_enth = 0.0257490585152
specific_enthalpy_max = 1.08817739938
