p_c = 0.000863569644259
mag_p_c = 0.0273084446159
l = 2.7590527171
mag_beta_c = 0.0316227766017
r_int = 1.42010048383
r_mb_real = 2.24752546064e-314
l_mb = 2.7590527171
r_c = 3.63881527247
h_c = 1.00345637148
epsilon_c = 0.0025922786105
r_cusp = 1.42045612549
r_center = 3.63881527247
W_cusp = -9.72712682871e-08
W_center = -0.112373893767
r_max_dens = 2.57781779219
density_max = 1.59921372857
r_max_mag_press = 2.74903602528
mag_pressure_max = 0.039367377184
r_max_press = 2.57781779219
pressure_max = 0.00161630550503
r_max_total_press = 2.74129188317
total_pressure_max = 0.0409393729888
r_max_sp_energy = 2.57781779219
specific_internal_energy_max = 0.00303206283717
r_max_sp_enth = 2.57781779219
specific_enthalpy_max = 1.00404275045
