p_c = 0.00251976354746
mag_p_c = 0.0448083609471
l = 0.934427829084
mag_beta_c = 0.056234132519
r_int = 0.255175352913
r_mb_real = 2.23823873399e-314
l_mb = 0.934427829084
r_c = 0.724199598529
h_c = 1.01008287747
epsilon_c = 0.00756215810402
r_cusp = 0.255286428582
r_center = 0.724199598529
W_cusp = -5.51970281452e-07
W_center = -0.187543988945
r_max_dens = 0.474359730074
density_max = 1.76341818318
r_max_mag_press = 0.513077581301
mag_pressure_max = 0.0693523376169
r_max_press = 0.474359730074
pressure_max = 0.00537097528955
r_max_total_press = 0.510159779139
total_pressure_max = 0.0745463307539
r_max_sp_energy = 0.474359730074
specific_internal_energy_max = 0.00913732546386
r_max_sp_enth = 0.474359730074
specific_enthalpy_max = 1.01218310062
