p_c = 0.00126510133568
mag_p_c = 0.126510152357
l = 2.00200033169
mag_beta_c = 0.01
r_int = 0.00338976218366
r_mb_real = 2.21676937617e-314
l_mb = 2.00200033169
r_c = 0.0672994897634
h_c = 1.00506006946
epsilon_c = 0.00379505209512
r_cusp = 0.00346525722239
r_center = 0.0672994897634
W_cusp = -0.000816278093025
W_center = -0.508506791543
r_max_dens = 0.00727684366424
density_max = 30.7608464153
r_max_mag_press = 0.00853847094526
mag_pressure_max = 2.57219956699
r_max_press = 0.00727684366424
pressure_max = 0.121922704198
r_max_total_press = 0.00853847094526
total_pressure_max = 2.68545771564
r_max_sp_energy = 0.00727684366424
specific_internal_energy_max = 0.011890703775
r_max_sp_enth = 0.00727684366424
specific_enthalpy_max = 1.0158542717
