p_c = 0.0071978523932
mag_p_c = 0.127998084521
l = 2.00063426218
mag_beta_c = 0.056234132519
r_int = 0.00111541391944
r_mb_real = 2.19545179532e-314
l_mb = 2.00063426218
r_c = 0.0368867500569
h_c = 1.02878856203
epsilon_c = 0.0215914215244
r_cusp = 0.00119989331725
r_center = 0.0368867500569
W_cusp = -0.0051021124477
W_center = -0.525998006927
r_max_dens = 0.00269026088714
density_max = 40.6472239268
r_max_mag_press = 0.00332944500731
mag_pressure_max = 3.22465047631
r_max_press = 0.00269026088714
pressure_max = 1.00581980582
r_max_total_press = 0.00307210201584
total_pressure_max = 4.16458041732
r_max_sp_energy = 0.00269026088714
specific_internal_energy_max = 0.0742353136563
r_max_sp_enth = 0.00269026088714
specific_enthalpy_max = 1.09898041821
