p_c = 0.314384635714
mag_p_c = 0.00994171510217
l = 1.19854613723
mag_beta_c = 31.6227766017
r_int = 0.104537220829
r_mb_real = 2.16100044764e-314
l_mb = 1.19854613723
r_c = 0.433729267781
h_c = 2.25753854285
epsilon_c = 0.943153907141
r_cusp = 0.104617548939
r_center = 0.433729267781
W_cusp = -2.16163476906e-05
W_center = -0.831890220704
r_max_dens = 0.419070446755
density_max = 1.00117795325
r_max_mag_press = 0.520341595736
mag_pressure_max = 0.0105653150775
r_max_press = 0.419070446755
pressure_max = 0.314878506501
r_max_total_press = 0.422704064221
total_pressure_max = 0.324614562836
r_max_sp_energy = 0.419070446755
specific_internal_energy_max = 0.943524092229
r_max_sp_enth = 0.419070446755
specific_enthalpy_max = 2.25803212297
