p_c = 0.0499859611181
mag_p_c = 0.00158069488166
l = 0.934427829084
mag_beta_c = 31.6227766017
r_int = 0.255175352913
r_mb_real = 2.20992727053e-314
l_mb = 0.934427829084
r_c = 0.724199598529
h_c = 1.19994384447
epsilon_c = 0.149957883354
r_cusp = 0.255286428582
r_center = 0.724199598529
W_cusp = -5.51970281452e-07
W_center = -0.187543988945
r_max_dens = 0.710697757465
density_max = 1.00068691895
r_max_mag_press = 0.838271242473
mag_pressure_max = 0.00165897957268
r_max_press = 0.710697757465
pressure_max = 0.0500317480975
r_max_total_press = 0.713959373276
total_pressure_max = 0.0515931960049
r_max_sp_energy = 0.710697757465
specific_internal_energy_max = 0.149992211799
r_max_sp_enth = 0.710697757465
specific_enthalpy_max = 1.19998961573
