p_c = 0.0137377206308
mag_p_c = 0.000772528802463
l = 3.57984163105
mag_beta_c = 17.7827941004
r_int = 3.1298157959
r_mb_real = 2.21984943674e-314
l_mb = 3.57984163105
r_c = 7.97345443704
h_c = 1.05495088252
epsilon_c = 0.0412131618925
r_cusp = 3.13114819178
r_center = 7.97345443704
W_cusp = -1.16412385532e-08
W_center = -0.0564233645228
r_max_dens = 7.7889913894
density_max = 1.0014978748
r_max_mag_press = 8.75596835499
mag_pressure_max = 0.000793690673529
r_max_press = 7.7889913894
pressure_max = 0.013765163992
r_max_total_press = 7.82713719717
total_pressure_max = 0.0145269201018
r_max_sp_energy = 7.7889913894
specific_internal_energy_max = 0.0412337290124
r_max_sp_enth = 7.7889913894
specific_enthalpy_max = 1.05497830535
