p_c = 0.00241340241965
mag_p_c = 0.135715550612
l = 1.15912817057
mag_beta_c = 0.0177827941004
r_int = 0.116622670216
r_mb_real = 2.16117448523e-314
l_mb = 1.15912817057
r_c = 0.451770692735
h_c = 1.00965429387
epsilon_c = 0.00724072040113
r_cusp = 0.116699760684
r_center = 0.451770692735
W_cusp = -1.18145045768e-06
W_center = -0.547317460947
r_max_dens = 0.200419003647
density_max = 3.4974899932
r_max_mag_press = 0.221341358034
mag_pressure_max = 0.382479800866
r_max_press = 0.200419003647
pressure_max = 0.0128138437324
r_max_total_press = 0.220660485602
total_pressure_max = 0.39468764159
r_max_sp_energy = 0.200419003647
specific_internal_energy_max = 0.0109911768932
r_max_sp_enth = 0.200419003647
specific_enthalpy_max = 1.01465490252
