p_c = 0.136488615287
mag_p_c = 0.043161489899
l = 1.15912817057
mag_beta_c = 3.16227766017
r_int = 0.116622670216
r_mb_real = 2.1936932062e-314
l_mb = 1.15912817057
r_c = 0.451770692735
h_c = 1.54595446115
epsilon_c = 0.409465845862
r_cusp = 0.116699760684
r_center = 0.451770692735
W_cusp = -1.18145045768e-06
W_center = -0.547317460947
r_max_dens = 0.341948404007
density_max = 1.08340610698
r_max_mag_press = 0.445333226671
mag_pressure_max = 0.0431719430188
r_max_press = 0.341948404007
pressure_max = 0.151874478666
r_max_total_press = 0.360424833344
total_pressure_max = 0.191846551767
r_max_sp_energy = 0.341948404007
specific_internal_energy_max = 0.420547228842
r_max_sp_enth = 0.341948404007
specific_enthalpy_max = 1.56072963846
