p_c = 0.051282308174
mag_p_c = 0.000288381611374
l = 0.934427829084
mag_beta_c = 177.827941004
r_int = 0.255175352913
r_mb_real = 2.16962542672e-314
l_mb = 0.934427829084
r_c = 0.724199598529
h_c = 1.2051292327
epsilon_c = 0.153846924522
r_cusp = 0.255286428582
r_center = 0.724199598529
W_cusp = -5.51970281452e-07
W_center = -0.187543988945
r_max_dens = 0.7216262702
density_max = 1.00002055845
r_max_mag_press = 0.855909700406
mag_pressure_max = 0.000306702861041
r_max_press = 0.7216262702
pressure_max = 0.0512837138917
r_max_total_press = 0.722360599828
total_pressure_max = 0.0515714496877
r_max_sp_energy = 0.7216262702
specific_internal_energy_max = 0.153847978799
r_max_sp_enth = 0.7216262702
specific_enthalpy_max = 1.2051306384
