p_c = 0.00236184046585
mag_p_c = 0.0420001263648
l = 2.39574673992
mag_beta_c = 0.056234132519
r_int = 0.711943198995
r_mb_real = 2.13723622208e-314
l_mb = 2.39574673992
r_c = 1.98271213881
h_c = 1.0094471638
epsilon_c = 0.00708537284918
r_cusp = 0.712118341275
r_center = 1.98271213881
W_cusp = -1.0341537752e-07
W_center = -0.175827559945
r_max_dens = 1.31885706588
density_max = 1.72769948928
r_max_mag_press = 1.4233742353
mag_pressure_max = 0.063944905686
r_max_press = 1.31885706588
pressure_max = 0.00489623993954
r_max_total_press = 1.41554354086
total_pressure_max = 0.0686844951218
r_max_sp_energy = 1.31885706588
specific_internal_energy_max = 0.00850189509793
r_max_sp_enth = 1.31885706588
specific_enthalpy_max = 1.01133586013
