p_c = 0.0538820169469
mag_p_c = 0.00303000848138
l = 0.933434197827
mag_beta_c = 17.7827941004
r_int = 0.280238763035
r_mb_real = 2.17535652497e-314
l_mb = 0.933434197827
r_c = 0.812681112752
h_c = 1.21552806779
epsilon_c = 0.161646050841
r_cusp = 0.280351920522
r_center = 0.812681112752
W_cusp = -2.03144424749e-07
W_center = -0.205149608994
r_max_dens = 0.782720833679
density_max = 1.00241667431
r_max_mag_press = 0.944459880908
mag_pressure_max = 0.00316525816074
r_max_press = 0.782720833679
pressure_max = 0.0540557072212
r_max_total_press = 0.789806804834
total_pressure_max = 0.0570170907098
r_max_sp_energy = 0.782720833679
specific_internal_energy_max = 0.161776161371
r_max_sp_enth = 0.782720833679
specific_enthalpy_max = 1.21570154849
