p_c = 2.26029754262e-05
mag_p_c = 0.127105871153
l = 2.00200033169
mag_beta_c = 0.000177827941004
r_int = 0.00338976218366
r_mb_real = 2.24217481666e-314
l_mb = 2.00200033169
r_c = 0.0672994897634
h_c = 1.00009041881
epsilon_c = 6.7814109422e-05
r_cusp = 0.00346525722239
r_center = 0.0672994897634
W_cusp = -0.000816278093025
W_center = -0.508506791543
r_max_dens = 0.00702893797208
density_max = 35.0061881239
r_max_mag_press = 0.00828359877968
mag_pressure_max = 2.95341619093
r_max_press = 0.00702893797208
pressure_max = 0.00258862795076
r_max_total_press = 0.00828359877968
total_pressure_max = 2.95582050894
r_max_sp_energy = 0.00702893797208
specific_internal_energy_max = 0.000221843173121
r_max_sp_enth = 0.00702893797208
specific_enthalpy_max = 1.0002957909
