p_c = 0.0014450013117
mag_p_c = 0.0456949215269
l = 0.934427829084
mag_beta_c = 0.0316227766017
r_int = 0.255175352913
r_mb_real = 2.22751518539e-314
l_mb = 0.934427829084
r_c = 0.724199598529
h_c = 1.00578159677
epsilon_c = 0.00433619758046
r_cusp = 0.255286428582
r_center = 0.724199598529
W_cusp = -5.51970281452e-07
W_center = -0.187543988945
r_max_dens = 0.470177727968
density_max = 1.81678454061
r_max_mag_press = 0.50804750838
mag_pressure_max = 0.0728791633107
r_max_press = 0.470177727968
pressure_max = 0.00320453902344
r_max_total_press = 0.506205995282
total_pressure_max = 0.075975979083
r_max_sp_energy = 0.470177727968
specific_internal_energy_max = 0.00529155596354
r_max_sp_enth = 0.470177727968
specific_enthalpy_max = 1.00705540795
