p_c = 0.0584745363857
mag_p_c = 0.103983099129
l = 1.15912817057
mag_beta_c = 0.56234132519
r_int = 0.116622670216
r_mb_real = 2.23224860305e-314
l_mb = 1.15912817057
r_c = 0.451770692735
h_c = 1.23392390725
epsilon_c = 0.175442930438
r_cusp = 0.116699760684
r_center = 0.451770692735
W_cusp = -1.18145045768e-06
W_center = -0.547317460947
r_max_dens = 0.249905001303
density_max = 1.65545099038
r_max_mag_press = 0.292970756699
mag_pressure_max = 0.14082845405
r_max_press = 0.249905001303
pressure_max = 0.114529930984
r_max_total_press = 0.271874860885
total_pressure_max = 0.251222940972
r_max_sp_energy = 0.249905001303
specific_internal_energy_max = 0.20755056776
r_max_sp_enth = 0.249905001303
specific_enthalpy_max = 1.27673409035
