p_c = 0.129678480932
mag_p_c = 0.0230604572566
l = 2.0063246157
mag_beta_c = 5.6234132519
r_int = 0.0107871365282
r_mb_real = 2.17290583288e-314
l_mb = 2.0063246157
r_c = 0.125291558349
h_c = 1.51871392373
epsilon_c = 0.389035442795
r_cusp = 0.0108630832391
r_center = 0.125291558349
W_cusp = -0.000132988643512
W_center = -0.478600677313
r_max_dens = 0.0814085347802
density_max = 1.07083572975
r_max_mag_press = 0.159441983234
mag_pressure_max = 0.0237171814125
r_max_press = 0.0814085347802
pressure_max = 0.14206869326
r_max_total_press = 0.0884181921147
total_pressure_max = 0.161511044867
r_max_sp_energy = 0.0814085347802
specific_internal_energy_max = 0.398012569006
r_max_sp_enth = 0.0814085347802
specific_enthalpy_max = 1.53068342534
