p_c = 0.00409632690468
mag_p_c = 0.129537321356
l = 2.00063426218
mag_beta_c = 0.0316227766017
r_int = 0.00111541391944
r_mb_real = 2.16877142832e-314
l_mb = 2.00063426218
r_c = 0.0368867500569
h_c = 1.01638370519
epsilon_c = 0.0122877788923
r_cusp = 0.00119989331725
r_center = 0.0368867500569
W_cusp = -0.0051021124477
W_center = -0.525998006927
r_max_dens = 0.00243942978991
density_max = 55.7296608148
r_max_mag_press = 0.00307210201584
mag_pressure_max = 4.54837604138
r_max_press = 0.00243942978991
pressure_max = 0.871872891867
r_max_total_press = 0.00294419760951
total_pressure_max = 5.36423826961
r_max_sp_energy = 0.00243942978991
specific_internal_energy_max = 0.0469340497925
r_max_sp_enth = 0.00243942978991
specific_enthalpy_max = 1.06257873306
