p_c = 0.00309655543011
mag_p_c = 0.309655557093
l = 0.920446895017
mag_beta_c = 0.01
r_int = 0.0527882972713
r_mb_real = 2.19580998896e-314
l_mb = 0.920446895017
r_c = 0.34546691412
h_c = 1.01238611813
epsilon_c = 0.00928958859911
r_cusp = 0.0528814318956
r_center = 0.34546691412
W_cusp = -0.000170539759153
W_center = -1.23576801229
r_max_dens = 0.0831381792117
density_max = 9.69847570142
r_max_mag_press = 0.0906816301642
mag_pressure_max = 2.27990982106
r_max_press = 0.0831381792117
pressure_max = 0.0640440309115
r_max_total_press = 0.0904022346103
total_pressure_max = 2.3413455933
r_max_sp_energy = 0.0831381792117
specific_internal_energy_max = 0.0198105453527
r_max_sp_enth = 0.0831381792117
specific_enthalpy_max = 1.02641406047
