p_c = 0.000115534042491
mag_p_c = 0.0365350708414
l = 2.52880916553
mag_beta_c = 0.00316227766017
r_int = 0.966033528906
r_mb_real = 2.25211317242e-314
l_mb = 2.52880916553
r_c = 2.57240468623
h_c = 1.00046221714
epsilon_c = 0.000346662857245
r_cusp = 0.966262655112
r_center = 2.57240468623
W_cusp = -1.25471527368e-07
W_center = -0.146560470472
r_max_dens = 1.74275743208
density_max = 1.74294332768
r_max_mag_press = 1.86635717383
mag_pressure_max = 0.0567777339924
r_max_press = 1.74275743208
pressure_max = 0.000242394321593
r_max_total_press = 1.8654545071
total_pressure_max = 0.0570126619859
r_max_sp_energy = 1.74275743208
specific_internal_energy_max = 0.000417215495898
r_max_sp_enth = 1.74275743208
specific_enthalpy_max = 1.00055628733
