p_c = 0.000642122263225
mag_p_c = 0.0361092085436
l = 2.52880916553
mag_beta_c = 0.0177827941004
r_int = 0.966033528906
r_mb_real = 2.24194006828e-314
l_mb = 2.52880916553
r_c = 2.57240468623
h_c = 1.00256723298
epsilon_c = 0.00192542473334
r_cusp = 0.966262655112
r_center = 2.57240468623
W_cusp = -1.25471527368e-07
W_center = -0.146560470472
r_max_dens = 1.75083133692
density_max = 1.71469797837
r_max_mag_press = 1.87633508294
mag_pressure_max = 0.0551473495669
r_max_press = 1.75083133692
pressure_max = 0.00131699662081
r_max_total_press = 1.87360497537
total_pressure_max = 0.056424176564
r_max_sp_energy = 1.75083133692
specific_internal_energy_max = 0.00230418995781
r_max_sp_enth = 1.75083133692
specific_enthalpy_max = 1.00307225328
