p_c = 0.0954095516308
mag_p_c = 0.0536527336999
l = 2.0063246157
mag_beta_c = 1.77827941004
r_int = 0.0107871365282
r_mb_real = 2.24330808467e-314
l_mb = 2.0063246157
r_c = 0.125291558349
h_c = 1.38163820652
epsilon_c = 0.286228654893
r_cusp = 0.0108630832391
r_center = 0.125291558349
W_cusp = -0.000132988643512
W_center = -0.478600677313
r_max_dens = 0.0552272947803
density_max = 1.38086263688
r_max_mag_press = 0.0906189143312
mag_pressure_max = 0.0569577976946
r_max_press = 0.0552272947803
pressure_max = 0.146709811765
r_max_total_press = 0.0624499212881
total_pressure_max = 0.196975944216
r_max_sp_energy = 0.0552272947803
specific_internal_energy_max = 0.31873513233
r_max_sp_enth = 0.0552272947803
specific_enthalpy_max = 1.42498017644
