p_c = 0.033883441229
mag_p_c = 0.000602542258788
l = 2.6324555397
mag_beta_c = 56.234132519
r_int = 1.16843707618
r_mb_real = 2.22412549981e-314
l_mb = 2.6324555397
r_c = 3.04476918435
h_c = 1.13553376492
epsilon_c = 0.101650323687
r_cusp = 1.16871754501
r_center = 3.04476918435
W_cusp = -2.16289985962e-07
W_center = -0.12922531663
r_max_dens = 3.01756123186
density_max = 1.00018372412
r_max_mag_press = 3.47961201693
mag_pressure_max = 0.000631725629799
r_max_press = 3.01756123186
pressure_max = 0.0338917417569
r_max_total_press = 3.02529233656
total_pressure_max = 0.0344906547689
r_max_sp_energy = 3.01756123186
specific_internal_energy_max = 0.101656548511
r_max_sp_enth = 3.01756123186
specific_enthalpy_max = 1.13554206468
