energy_density_max = 8.51083228003
total_ang_mom_dens_max = 5.05279163967
r_max_energy_density = 0.273567062215
r_max_total_ang_mom_dens = 0.281038298025
peri_r_max_energy_density = 0.914624293918
peri_r_max_total_ang_mom_dens = 0.919607311935
