r_H = 1.85321890403
W_H = 0.0
M_H = 1.0
J_H = 0.376025163307
M_ADM = 1.0
J_ADM = 0.376025163307
M_SF = 0.0
J_SF = 0.0
m = 1.0
a_star = 0.376025163307
a_star_H = 0.376025163307
l_k_H = 3.57984155749
l_k_ADM = 3.57984155749
l = 3.57984163105
rho_c = 0.999496019744
gamma = 1.33333333333
q = 1.33333333333
mag_beta_c = 0.00177827941004
v_H = 0.195174565823
a_eq = 0.376025163307
