p_c = 0.000269514333996
mag_p_c = 0.0852279240316
l = 2.07228917239
mag_beta_c = 0.00316227766017
r_int = 0.124730053336
r_mb_real = 2.14567299772e-314
l_mb = 2.07228917239
r_c = 0.543250843368
h_c = 1.00107783841
epsilon_c = 0.000808378807509
r_cusp = 0.124817800284
r_center = 0.543250843368
W_cusp = -4.5658672008e-06
W_center = -0.341552746049
r_max_dens = 0.244596253729
density_max = 3.10825788439
r_max_mag_press = 0.2746339311
mag_pressure_max = 0.213585977634
r_max_press = 0.244596253729
pressure_max = 0.00122223201585
r_max_total_press = 0.274439276145
total_pressure_max = 0.214745012819
r_max_sp_energy = 0.244596253729
specific_internal_energy_max = 0.00117966275127
r_max_sp_enth = 0.244596253729
specific_enthalpy_max = 1.00157288367
