energy_density_max = 5.00584342867
total_ang_mom_dens_max = 2.84443135361
r_max_energy_density = 0.513571824039
r_max_total_ang_mom_dens = 0.529232358208
peri_r_max_energy_density = 0.912416522173
peri_r_max_total_ang_mom_dens = 0.92543905117
