r_H = 0.871779788708
W_H = 0.0
M_H = 1.0
J_H = 0.9
M_ADM = 1.0
J_ADM = 0.9
M_SF = 0.0
J_SF = 0.0
m = 1.0
a_star = 0.9
a_star_H = 0.9
l_k_H = 2.63245553203
l_k_ADM = 2.63245553203
l = 2.6324555397
rho_c = 1.00025887813
gamma = 1.33333333333
q = 1.33333333333
mag_beta_c = 0.316227766017
v_H = 0.626789006273
a_eq = 0.9
