p_c = 0.00798119337453
mag_p_c = 0.0252388393101
l = 2.6324555397
mag_beta_c = 0.316227766017
r_int = 1.16843707618
r_mb_real = 2.20925540449e-314
l_mb = 2.6324555397
r_c = 3.04476918435
h_c = 1.03191651101
epsilon_c = 0.0239373832585
r_cusp = 1.16871754501
r_center = 3.04476918435
W_cusp = -2.16289985962e-07
W_center = -0.12922531663
r_max_dens = 2.26936584221
density_max = 1.35254863088
r_max_mag_press = 2.45088531222
mag_pressure_max = 0.0306403573986
r_max_press = 2.26936584221
pressure_max = 0.0119340668369
r_max_total_press = 2.39668326992
total_pressure_max = 0.0422894564011
r_max_sp_energy = 2.26936584221
specific_internal_energy_max = 0.0264701761499
r_max_sp_enth = 2.26936584221
specific_enthalpy_max = 1.0352935682
