p_c = 0.0342937102604
mag_p_c = 0.000192847704735
l = 2.6324555397
mag_beta_c = 177.827941004
r_int = 1.16843707618
r_mb_real = 2.17060084669e-314
l_mb = 2.6324555397
r_c = 3.04476918435
h_c = 1.13717484104
epsilon_c = 0.102881130781
r_cusp = 1.16871754501
r_center = 3.04476918435
W_cusp = -2.16289985962e-07
W_center = -0.12922531663
r_max_dens = 3.03695275618
density_max = 1.00001667699
r_max_mag_press = 3.50936064326
mag_pressure_max = 0.000203305913224
r_max_press = 3.03695275618
pressure_max = 0.034294472817
r_max_total_press = 3.03890364052
total_pressure_max = 0.034486964042
r_max_sp_energy = 3.03695275618
specific_internal_energy_max = 0.102881702694
r_max_sp_enth = 3.03695275618
specific_enthalpy_max = 1.13717560359
