p_c = 0.153181152595
mag_p_c = 0.000272398889666
l = 2.0063246157
mag_beta_c = 562.34132519
r_int = 0.0107871365282
r_mb_real = 2.23143305482e-314
l_mb = 2.0063246157
r_c = 0.125291558349
h_c = 1.61272461038
epsilon_c = 0.459543457786
r_cusp = 0.0108630832391
r_center = 0.125291558349
W_cusp = -0.000132988643512
W_center = -0.478600677313
r_max_dens = 0.124451487789
density_max = 1.00001038767
r_max_mag_press = 0.293084050686
mag_pressure_max = 0.000364862554726
r_max_press = 0.124451487789
pressure_max = 0.153183274193
r_max_total_press = 0.124787361524
total_pressure_max = 0.153454671875
r_max_sp_energy = 0.124451487789
specific_internal_energy_max = 0.459545048976
r_max_sp_enth = 0.124451487789
specific_enthalpy_max = 1.61272673197
