p_c = 0.157027146367
mag_p_c = 0.0157027145859
l = 2.00063426218
mag_beta_c = 10.0
r_int = 0.00111541391944
r_mb_real = 2.18909132858e-314
l_mb = 2.00063426218
r_c = 0.0368867500569
h_c = 1.62810859733
epsilon_c = 0.471081447996
r_cusp = 0.00119989331725
r_center = 0.0368867500569
W_cusp = -0.0051021124477
W_center = -0.525998006927
r_max_dens = 0.0188852750569
density_max = 1.06386633481
r_max_mag_press = 0.0909729309246
mag_pressure_max = 0.0189571757671
r_max_press = 0.0188852750569
pressure_max = 0.170539180192
r_max_total_press = 0.0212389997099
total_pressure_max = 0.181919793653
r_max_sp_energy = 0.0188852750569
specific_internal_energy_max = 0.48090396682
r_max_sp_enth = 0.0188852750569
specific_enthalpy_max = 1.64120528909
