p_c = 0.00096199190993
mag_p_c = 0.171069052962
l = 1.20407705118
mag_beta_c = 0.0056234132519
r_int = 0.105606579349
r_mb_real = 2.1696011424e-314
l_mb = 1.20407705118
r_c = 0.425139204841
h_c = 1.00384780449
epsilon_c = 0.00288585337037
r_cusp = 0.105681957084
r_center = 0.425139204841
W_cusp = -1.66520378321e-05
W_center = -0.685464862983
r_max_dens = 0.173855663155
density_max = 4.1717084537
r_max_mag_press = 0.191519741143
mag_pressure_max = 0.566143585918
r_max_press = 0.173855663155
pressure_max = 0.00645999429245
r_max_total_press = 0.191199718028
total_pressure_max = 0.572290707101
r_max_sp_energy = 0.173855663155
specific_internal_energy_max = 0.00464557461109
r_max_sp_enth = 0.173855663155
specific_enthalpy_max = 1.00619409948
