p_c = 0.245736377404
mag_p_c = 0.000436987940235
l = 1.20407705118
mag_beta_c = 562.34132519
r_int = 0.105606579349
r_mb_real = 2.12900586312e-314
l_mb = 1.20407705118
r_c = 0.425139204841
h_c = 1.98294550962
epsilon_c = 0.737209132212
r_cusp = 0.105681957084
r_center = 0.425139204841
W_cusp = -1.66520378321e-05
W_center = -0.685464862983
r_max_dens = 0.423837315123
density_max = 1.00000605679
r_max_mag_press = 0.572788966055
mag_pressure_max = 0.000489341208511
r_max_press = 0.423837315123
pressure_max = 0.245738361905
r_max_total_press = 0.424097481513
total_pressure_max = 0.24617453134
r_max_sp_energy = 0.423837315123
specific_internal_energy_max = 0.737210620583
r_max_sp_enth = 0.423837315123
specific_enthalpy_max = 1.98294749411
