p_c = 0.0171321088721
mag_p_c = 0.000171321088721
l = 3.34362297106
mag_beta_c = 100.0
r_int = 2.63112578028
r_mb_real = 2.17300094645e-314
l_mb = 3.34362297106
r_c = 6.64335483975
h_c = 1.06852843549
epsilon_c = 0.0513963266164
r_cusp = 2.63207141002
r_center = 6.64335483975
W_cusp = -1.62090519301e-07
W_center = -0.066923742645
r_max_dens = 6.60795844342
density_max = 1.00006348718
r_max_mag_press = 7.49816230747
mag_pressure_max = 0.000178836601124
r_max_press = 6.60795844342
pressure_max = 0.0171335591132
r_max_total_press = 6.6150087827
total_pressure_max = 0.0173043019027
r_max_sp_energy = 6.60795844342
specific_internal_energy_max = 0.0513974142626
r_max_sp_enth = 6.60795844342
specific_enthalpy_max = 1.06852988568
