p_c = 0.0247098830573
mag_p_c = 0.00439410762653
l = 2.77730787881
mag_beta_c = 5.6234132519
r_int = 1.45696885537
r_mb_real = 2.15957172046e-314
l_mb = 2.77730787881
r_c = 3.72659081678
h_c = 1.09883953223
epsilon_c = 0.0741296491719
r_cusp = 1.45733674835
r_center = 3.72659081678
W_cusp = -2.07136707115e-07
W_center = -0.110250100147
r_max_dens = 3.47555171222
density_max = 1.01291761877
r_max_mag_press = 3.90778372064
mag_pressure_max = 0.00442554751226
r_max_press = 3.47555171222
pressure_max = 0.0251363871758
r_max_total_press = 3.5329862069
total_pressure_max = 0.0293926821059
r_max_sp_energy = 3.47555171222
specific_internal_energy_max = 0.0744474773963
r_max_sp_enth = 3.47555171222
specific_enthalpy_max = 1.0992633032
