p_c = 2.6925145626e-05
mag_p_c = 0.0478804312239
l = 2.33944440272
mag_beta_c = 0.00056234132519
r_int = 0.606502586307
r_mb_real = 2.15322744327e-314
l_mb = 2.33944440272
r_c = 1.73694263792
h_c = 1.00010774077
epsilon_c = 8.08055748602e-05
r_cusp = 0.606658435128
r_center = 1.73694263792
W_cusp = -1.20715454827e-07
W_center = -0.191680278022
r_max_dens = 1.10691584257
density_max = 1.90998999525
r_max_mag_press = 1.19530559503
mag_pressure_max = 0.0802068668419
r_max_press = 1.10691584257
pressure_max = 6.38384296806e-05
r_max_total_press = 1.19530559503
total_pressure_max = 0.0802684709913
r_max_sp_energy = 1.10691584257
specific_internal_energy_max = 0.000100270310063
r_max_sp_enth = 1.10691584257
specific_enthalpy_max = 1.00013369375
