p_c = 0.0014774087233
mag_p_c = 0.0467197615963
l = 2.33944440272
mag_beta_c = 0.0316227766017
r_int = 0.606502586307
r_mb_real = 2.25486539474e-314
l_mb = 2.33944440272
r_c = 1.73694263792
h_c = 1.00590984853
epsilon_c = 0.00443238639457
r_cusp = 0.606658435128
r_center = 1.73694263792
W_cusp = -1.20715454827e-07
W_center = -0.191680278022
r_max_dens = 1.12048789675
density_max = 1.83185468757
r_max_mag_press = 1.21211207722
mag_pressure_max = 0.0749879760287
r_max_press = 1.12048789675
pressure_max = 0.00331163871991
r_max_total_press = 1.20774270788
total_pressure_max = 0.0781868607986
r_max_sp_energy = 1.12048789675
specific_internal_energy_max = 0.00542341935041
r_max_sp_enth = 1.12048789675
specific_enthalpy_max = 1.0072312258
