p_c = 0.00925456949092
mag_p_c = 0.00520422687159
l = 3.57984163105
mag_beta_c = 1.77827941004
r_int = 3.1298157959
r_mb_real = 2.14973454934e-314
l_mb = 3.57984163105
r_c = 7.97345443704
h_c = 1.03701827796
epsilon_c = 0.0277637084728
r_cusp = 3.13114819178
r_center = 7.97345443704
W_cusp = -1.16412385532e-08
W_center = -0.0564233645228
r_max_dens = 6.97831492816
density_max = 1.06013717252
r_max_mag_press = 7.61260115152
mag_pressure_max = 0.00524698700795
r_max_press = 6.97831492816
pressure_max = 0.0100039682467
r_max_total_press = 7.17530383246
total_pressure_max = 0.0151356185274
r_max_sp_energy = 6.97831492816
specific_internal_energy_max = 0.0283094542084
r_max_sp_enth = 6.97831492816
specific_enthalpy_max = 1.03774593894
