p_c = 9.9754205272e-05
mag_p_c = 0.0315450489934
l = 2.65069628907
mag_beta_c = 0.00316227766017
r_int = 1.20439326868
r_mb_real = 2.21352944386e-314
l_mb = 2.65069628907
r_c = 3.12953703841
h_c = 1.00039905182
epsilon_c = 0.000299288863097
r_cusp = 1.20468367169
r_center = 3.12953703841
W_cusp = -1.95636367743e-07
W_center = -0.126539898251
r_max_dens = 2.1675101856
density_max = 1.68489187668
r_max_mag_press = 2.31308742145
mag_pressure_max = 0.0477067326469
r_max_press = 2.1675101856
pressure_max = 0.00020002212952
r_max_total_press = 2.31188273074
total_pressure_max = 0.0479009023661
r_max_sp_energy = 2.1675101856
specific_internal_energy_max = 0.000356145338976
r_max_sp_enth = 2.1675101856
specific_enthalpy_max = 1.00047486045
