p_c = 0.0115696386337
mag_p_c = 0.20574003789
l = 1.19854613723
mag_beta_c = 0.056234132519
r_int = 0.104537220829
r_mb_real = 2.16218430798e-314
l_mb = 1.19854613723
r_c = 0.433729267781
h_c = 1.04628386049
epsilon_c = 0.034712895365
r_cusp = 0.104617548939
r_center = 0.433729267781
W_cusp = -2.16163476906e-05
W_center = -0.831890220704
r_max_dens = 0.173871690837
density_max = 3.71123958629
r_max_mag_press = 0.193239857042
mag_pressure_max = 0.601264066247
r_max_press = 0.173871690837
pressure_max = 0.066488240031
r_max_total_press = 0.190967778021
total_pressure_max = 0.66468847886
r_max_sp_energy = 0.173871690837
specific_internal_energy_max = 0.0537461178282
r_max_sp_enth = 0.173871690837
specific_enthalpy_max = 1.07166149044
