p_c = 1.56696546414e-05
mag_p_c = 0.0881169438833
l = 2.0632455533
mag_beta_c = 0.000177827941004
r_int = 0.108958294315
r_mb_real = 2.21609953383e-314
l_mb = 2.0632455533
r_c = 0.496955955548
h_c = 1.00006267045
epsilon_c = 4.70028348139e-05
r_cusp = 0.109044255896
r_center = 0.496955955548
W_cusp = -3.43793665531e-06
W_center = -0.352462403606
r_max_dens = 0.21433953396
density_max = 3.32482006816
r_max_mag_press = 0.241388630035
mag_pressure_max = 0.234198842042
r_max_press = 0.21433953396
pressure_max = 7.77454146225e-05
r_max_total_press = 0.241388630035
total_pressure_max = 0.234272446736
r_max_sp_energy = 0.21433953396
specific_internal_energy_max = 7.0150034915e-05
r_max_sp_enth = 0.21433953396
specific_enthalpy_max = 1.00009353338
