p_c = 0.0514082169413
mag_p_c = 0.000162567055982
l = 0.934427829084
mag_beta_c = 316.227766017
r_int = 0.255175352913
r_mb_real = 2.15094471769e-314
l_mb = 0.934427829084
r_c = 0.724199598529
h_c = 1.20563286777
epsilon_c = 0.154224650824
r_cusp = 0.255286428582
r_center = 0.724199598529
W_cusp = -5.51970281452e-07
W_center = -0.187543988945
r_max_dens = 0.723095654647
density_max = 1.00000573186
r_max_mag_press = 0.857650603104
mag_pressure_max = 0.000173136398212
r_max_press = 0.723095654647
pressure_max = 0.0514086098282
r_max_total_press = 0.723463454278
total_pressure_max = 0.0515709817005
r_max_sp_energy = 0.723095654647
specific_internal_energy_max = 0.154224945488
r_max_sp_enth = 0.723095654647
specific_enthalpy_max = 1.20563326065
