p_c = 0.0384612189684
mag_p_c = 0.0128204433623
l = 0.934427829084
mag_beta_c = 2.99999133272
r_int = 0.255175352913
r_mb_real = 2.20324503662e-314
l_mb = 0.934427829084
r_c = 0.724199598529
h_c = 1.15384487587
epsilon_c = 0.115383656905
r_cusp = 0.255286428582
r_center = 0.724199598529
W_cusp = -5.51970281452e-07
W_center = -0.187543988945
r_max_dens = 0.631707870432
density_max = 1.04300638062
r_max_mag_press = 0.720892664887
mag_pressure_max = 0.0128211851964
r_max_press = 0.631707870432
pressure_max = 0.0406823156128
r_max_total_press = 0.650714833437
total_pressure_max = 0.053003308907
r_max_sp_energy = 0.631707870432
specific_internal_energy_max = 0.11701457355
r_max_sp_enth = 0.631707870432
specific_enthalpy_max = 1.1560194314
