r_H = 2.0
W_H = 0.0
M_H = 1.0
J_H = 0.0
M_ADM = 1.0
J_ADM = 0.0
M_SF = 0.0
J_SF = 0.0
m = 1.0
a_star = 0.0
a_star_H = 0.0
l_k_H = 4.0
l_k_ADM = 4.0
l = 4.00000004098
rho_c = 1.00064080293
gamma = 1.33333333333
q = 1.33333333333
mag_beta_c = 0.01
v_H = -0.0
a_eq = -0.0
