p_c = 4.1575573104e-05
mag_p_c = 0.131473505571
l = 2.00063426218
mag_beta_c = 0.000316227766017
r_int = 0.00111541391944
r_mb_real = 2.14177131784e-314
l_mb = 2.00063426218
r_c = 0.0368867500569
h_c = 1.00016631024
epsilon_c = 0.00012473268165
r_cusp = 0.00119989331725
r_center = 0.0368867500569
W_cusp = -0.0051021124477
W_center = -0.525998006927
r_max_dens = 0.00219271785158
density_max = 96.3207428928
r_max_mag_press = 0.00269026088714
mag_pressure_max = 8.17372056873
r_max_press = 0.00219271785158
pressure_max = 0.0183580136921
r_max_total_press = 0.00269026088714
total_pressure_max = 8.19051213101
r_max_sp_energy = 0.00219271785158
specific_internal_energy_max = 0.000571777577937
r_max_sp_enth = 0.00219271785158
specific_enthalpy_max = 1.0007623701
