p_c = 0.306886737668
mag_p_c = 0.0172575094744
l = 1.19854613723
mag_beta_c = 17.7827941004
r_int = 0.104537220829
r_mb_real = 2.20200653657e-314
l_mb = 1.19854613723
r_c = 0.433729267781
h_c = 2.22754695067
epsilon_c = 0.920660213005
r_cusp = 0.104617548939
r_center = 0.433729267781
W_cusp = -2.16163476906e-05
W_center = -0.831890220704
r_max_dens = 0.408292033402
density_max = 1.00357145506
r_max_mag_press = 0.510198292689
mag_pressure_max = 0.018094858317
r_max_press = 0.408292033402
pressure_max = 0.308348983107
r_max_total_press = 0.414428750358
total_pressure_max = 0.325023923071
r_max_sp_energy = 0.408292033402
specific_internal_energy_max = 0.921754942969
r_max_sp_enth = 0.408292033402
specific_enthalpy_max = 2.22900659063
