p_c = 0.0053597676766
mag_p_c = 0.0169491183915
l = 3.01685585031
mag_beta_c = 0.316227766017
r_int = 1.9462863345
r_mb_real = 2.15163682066e-314
l_mb = 3.01685585031
r_c = 4.91124046632
h_c = 1.02143299432
epsilon_c = 0.0160747457387
r_cusp = 1.94684681898
r_center = 4.91124046632
W_cusp = -1.08759384503e-07
W_center = -0.0875616081841
r_max_dens = 3.77080149983
density_max = 1.30627552108
r_max_mag_press = 4.04613314735
mag_pressure_max = 0.0201080334687
r_max_press = 3.77080149983
pressure_max = 0.00765058902081
r_max_total_press = 3.9632231328
total_pressure_max = 0.0275955084801
r_max_sp_energy = 3.77080149983
specific_internal_energy_max = 0.0175703874811
r_max_sp_enth = 3.77080149983
specific_enthalpy_max = 1.02342718331
