p_c = 0.0999999001578
mag_p_c = 0.00177827763457
l = 2.07228917239
mag_beta_c = 56.234132519
r_int = 0.124730053336
r_mb_real = 2.23514248388e-314
l_mb = 2.07228917239
r_c = 0.543250843368
h_c = 1.39999960063
epsilon_c = 0.299999700474
r_cusp = 0.124817800284
r_center = 0.543250843368
W_cusp = -4.5658672008e-06
W_center = -0.341552746049
r_max_dens = 0.532259955634
density_max = 1.00040263782
r_max_mag_press = 0.717645687542
mag_pressure_max = 0.00194910747094
r_max_press = 0.532259955634
pressure_max = 0.100053588749
r_max_total_press = 0.534991815874
total_pressure_max = 0.101809046174
r_max_sp_energy = 0.532259955634
specific_internal_energy_max = 0.300039958813
r_max_sp_enth = 0.532259955634
specific_enthalpy_max = 1.40005327842
