p_c = 0.000673437006466
mag_p_c = 0.0212959723019
l = 3.01685585031
mag_beta_c = 0.0316227766017
r_int = 1.9462863345
r_mb_real = 2.23304796174e-314
l_mb = 3.01685585031
r_c = 4.91124046632
h_c = 1.00269117303
epsilon_c = 0.0020183797733
r_cusp = 1.94684681898
r_center = 4.91124046632
W_cusp = -1.08759384503e-07
W_center = -0.0875616081841
r_max_dens = 3.55200489833
density_max = 1.54622399642
r_max_mag_press = 3.77590341515
mag_pressure_max = 0.0298653585832
r_max_press = 3.55200489833
pressure_max = 0.00120255900154
r_max_total_press = 3.76571286433
total_pressure_max = 0.0310372616067
r_max_sp_energy = 3.55200489833
specific_internal_energy_max = 0.00233321757583
r_max_sp_enth = 3.55200489833
specific_enthalpy_max = 1.00311095677
