p_c = 0.00825937840389
mag_p_c = 0.00275389491286
l = 4.00000004098
mag_beta_c = 2.99916251899
r_int = 4.00057264731
r_mb_real = 2.13310181752e-314
l_mb = 4.00000004098
r_c = 10.4737134106
h_c = 1.03303751362
epsilon_c = 0.0247781352117
r_cusp = 4.0028738386
r_center = 10.4737134106
W_cusp = -2.47121804138e-07
W_center = -0.0431667957205
r_max_dens = 9.51791951065
density_max = 1.02820207818
r_max_mag_press = 10.45709966
mag_pressure_max = 0.00275390134786
r_max_press = 9.51791951065
pressure_max = 0.0085714046874
r_max_total_press = 9.71542936536
total_pressure_max = 0.011253060034
r_max_sp_energy = 9.51791951065
specific_internal_energy_max = 0.0250089108045
r_max_sp_enth = 9.51791951065
specific_enthalpy_max = 1.03334521441
