p_c = 0.00333204716828
mag_p_c = 0.10536853757
l = 2.02000000769
mag_beta_c = 0.0316227766017
r_int = 0.0342292645894
r_mb_real = 2.18040361502e-314
l_mb = 2.02000000769
r_c = 0.242054631617
h_c = 1.0133291766
epsilon_c = 0.00999688244729
r_cusp = 0.034307409192
r_center = 0.242054631617
W_cusp = -1.96790651451e-05
W_center = -0.429202098564
r_max_dens = 0.072108924041
density_max = 5.30894540993
r_max_mag_press = 0.0839588026798
mag_pressure_max = 0.41419632132
r_max_press = 0.072108924041
pressure_max = 0.0308625452796
r_max_total_press = 0.0829384483117
total_pressure_max = 0.443171501816
r_max_sp_energy = 0.072108924041
specific_internal_energy_max = 0.0174399299088
r_max_sp_enth = 0.072108924041
specific_enthalpy_max = 1.02325323988
