p_c = 1.90765945118e-05
mag_p_c = 0.107275573902
l = 2.02000000769
mag_beta_c = 0.000177827941004
r_int = 0.0342292645894
r_mb_real = 2.23405373711e-314
l_mb = 2.02000000769
r_c = 0.242054631617
h_c = 1.00007631638
epsilon_c = 5.723728416e-05
r_cusp = 0.034307409192
r_center = 0.242054631617
W_cusp = -1.96790651451e-05
W_center = -0.429202098564
r_max_dens = 0.0694780931411
density_max = 6.16718829068
r_max_mag_press = 0.0800436601112
mag_pressure_max = 0.490485414709
r_max_press = 0.0694780931411
pressure_max = 0.000215787531409
r_max_total_press = 0.0800436601112
total_pressure_max = 0.490687765069
r_max_sp_energy = 0.0694780931411
specific_internal_energy_max = 0.000104968838913
r_max_sp_enth = 0.0694780931411
specific_enthalpy_max = 1.00013995845
