p_c = 0.0214189517925
mag_p_c = 0.120447391464
l = 2.00063426218
mag_beta_c = 0.177827941004
r_int = 0.00111541391944
r_mb_real = 2.21376216855e-314
l_mb = 2.00063426218
r_c = 0.0368867500569
h_c = 1.08568038821
epsilon_c = 0.0642602911606
r_cusp = 0.00119989331725
r_center = 0.0368867500569
W_cusp = -0.0051021124477
W_center = -0.525998006927
r_max_dens = 0.00332944500731
density_max = 15.5358496743
r_max_mag_press = 0.00450469982086
mag_pressure_max = 1.09784403313
r_max_press = 0.00332944500731
pressure_max = 0.830378039253
r_max_total_press = 0.00384893271694
total_pressure_max = 1.87604048445
r_max_sp_energy = 0.00332944500731
specific_internal_energy_max = 0.160347465377
r_max_sp_enth = 0.00332944500731
specific_enthalpy_max = 1.2137966205
