p_c = 0.0142577182303
mag_p_c = 0.000253542067631
l = 3.57984163105
mag_beta_c = 56.234132519
r_int = 3.1298157959
r_mb_real = 2.19834769984e-314
l_mb = 3.57984163105
r_c = 7.97345443704
h_c = 1.05703087292
epsilon_c = 0.0427731546909
r_cusp = 3.13114819178
r_center = 7.97345443704
W_cusp = -1.16412385532e-08
W_center = -0.0564233645228
r_max_dens = 7.90452154002
density_max = 1.0001789876
r_max_mag_press = 8.93790595033
mag_pressure_max = 0.000263585589697
r_max_press = 7.90452154002
pressure_max = 0.0142611209381
r_max_total_press = 7.92409896475
total_pressure_max = 0.0145132988759
r_max_sp_energy = 7.90452154002
specific_internal_energy_max = 0.0427757064934
r_max_sp_enth = 7.90452154002
specific_enthalpy_max = 1.05703427532
