r_H = 0.514793208667
W_H = 0.0
M_H = 1.0
J_H = 0.966305846033
M_ADM = 1.0
J_ADM = 0.966305846033
M_SF = 0.0
J_SF = 0.0
m = 1.0
a_star = 0.966305846033
a_star_H = 0.966305846033
l_k_H = 2.36711934826
l_k_ADM = 2.36711934826
l = 2.36711935577
rho_c = 1.0
gamma = 1.33333333333
q = 1.33333333333
mag_beta_c = 56.234132519
v_H = 0.768497260691
a_eq = 0.966305846033
