energy_density_max = 57.5195784093
total_ang_mom_dens_max = 36.258557564
r_max_energy_density = 0.144358576171
r_max_total_ang_mom_dens = 0.145126519992
peri_r_max_energy_density = 0.627358577738
peri_r_max_total_ang_mom_dens = 0.628342995378
