p_c = 0.173036691594
mag_p_c = 1.73036690971e-11
l = 2.00063426218
mag_beta_c = 10000000000.0
r_int = 0.00111541391944
r_mb_real = 2.13098705845e-314
l_mb = 2.00063426218
r_c = 0.0368867500569
h_c = 1.69214678009
epsilon_c = 0.51911008507
r_cusp = 0.00119989331725
r_center = 0.0368867500569
W_cusp = -0.0051021124477
W_center = -0.525998006927
r_max_dens = 0.0368867500569
density_max = 0.999999980181
r_max_mag_press = 0.232254477838
mag_pressure_max = 3.53165315652e-11
r_max_press = 0.0368867500569
pressure_max = 0.173036691594
r_max_total_press = 0.0368867500569
total_pressure_max = 0.173036691611
r_max_sp_energy = 0.0368867500569
specific_internal_energy_max = 0.51911008507
r_max_sp_enth = 0.0368867500569
specific_enthalpy_max = 1.69214678009
