p_c = 0.133932535008
mag_p_c = 7.53157992222e-05
l = 2.02000000769
mag_beta_c = 1778.27941004
r_int = 0.0342292645894
r_mb_real = 2.24917679404e-314
l_mb = 2.02000000769
r_c = 0.242054631617
h_c = 1.53573014003
epsilon_c = 0.401797605023
r_cusp = 0.034307409192
r_center = 0.242054631617
W_cusp = -1.96790651451e-05
W_center = -0.429202098564
r_max_dens = 0.241851130777
density_max = 1.00000043515
r_max_mag_press = 0.41096594299
mag_pressure_max = 9.03537974182e-05
r_max_press = 0.241851130777
pressure_max = 0.133932612715
r_max_total_press = 0.241851130777
total_pressure_max = 0.134007883551
r_max_sp_energy = 0.241851130777
specific_internal_energy_max = 0.401797663303
r_max_sp_enth = 0.241851130777
specific_enthalpy_max = 1.53573021774
