p_c = 0.010133205598
mag_p_c = 0.101332357634
l = 2.02000000769
mag_beta_c = 0.1
r_int = 0.0342292645894
r_mb_real = 2.20179202513e-314
l_mb = 2.02000000769
r_c = 0.242054631617
h_c = 1.04052585219
epsilon_c = 0.0303943891409
r_cusp = 0.034307409192
r_center = 0.242054631617
W_cusp = -1.96790651451e-05
W_center = -0.429202098564
r_max_dens = 0.0771801535793
density_max = 4.12457544255
r_max_mag_press = 0.0915005361106
mag_pressure_max = 0.308998981749
r_max_press = 0.0771801535793
pressure_max = 0.0670120551304
r_max_total_press = 0.0885208399342
total_pressure_max = 0.372110662816
r_max_sp_energy = 0.0771801535793
specific_internal_energy_max = 0.0487410566715
r_max_sp_enth = 0.0771801535793
specific_enthalpy_max = 1.06498807556
