p_c = 0.0260938043448
mag_p_c = 0.00870036357802
l = 2.62211129261
mag_beta_c = 2.99916251899
r_int = 1.14806422021
r_mb_real = 2.24527916154e-314
l_mb = 2.62211129261
r_c = 2.99830015116
h_c = 1.10437521738
epsilon_c = 0.0782814130344
r_cusp = 1.14833915964
r_center = 2.99830015116
W_cusp = -1.99954178118e-07
W_center = -0.130792107242
r_max_dens = 2.67203455991
density_max = 1.03665116309
r_max_mag_press = 2.98875486038
mag_pressure_max = 0.00870062968724
r_max_press = 2.67203455991
pressure_max = 0.0273766888937
r_max_total_press = 2.73949458634
total_pressure_max = 0.0357859295924
r_max_sp_energy = 2.67203455991
specific_internal_energy_max = 0.0792263295555
r_max_sp_enth = 2.67203455991
specific_enthalpy_max = 1.10563510607
