p_c = 1.55009659132e-05
mag_p_c = 0.0275650489685
l = 2.77730787881
mag_beta_c = 0.00056234132519
r_int = 1.45696885537
r_mb_real = 2.14514481388e-314
l_mb = 2.77730787881
r_c = 3.72659081678
h_c = 1.00006196718
epsilon_c = 4.64753853568e-05
r_cusp = 1.45733674835
r_center = 3.72659081678
W_cusp = -2.07136707115e-07
W_center = -0.110250100147
r_max_dens = 2.62044336678
density_max = 1.64680415749
r_max_mag_press = 2.79058548064
mag_pressure_max = 0.0409360501922
r_max_press = 2.62044336678
pressure_max = 3.01211821393e-05
r_max_total_press = 2.78900398949
total_pressure_max = 0.0409653262909
r_max_sp_energy = 2.62044336678
specific_internal_energy_max = 5.48720659995e-05
r_max_sp_enth = 2.62044336678
specific_enthalpy_max = 1.00007316275
