energy_density_max = 7.74010983416
total_ang_mom_dens_max = 4.56982355787
r_max_energy_density = 0.306673878553
r_max_total_ang_mom_dens = 0.317519127512
peri_r_max_energy_density = 0.982680596748
peri_r_max_total_ang_mom_dens = 1.0150490696
