energy_density_max = 8.51692965663
total_ang_mom_dens_max = 4.6763082516
r_max_energy_density = 0.454118866512
r_max_total_ang_mom_dens = 0.461663760566
peri_r_max_energy_density = 0.864578027871
peri_r_max_total_ang_mom_dens = 0.870495423244
