p_c = 0.0387709563868
mag_p_c = 0.000689455934501
l = 2.52880916553
mag_beta_c = 56.234132519
r_int = 0.966033528906
r_mb_real = 2.18373258982e-314
l_mb = 2.52880916553
r_c = 2.57240468623
h_c = 1.15508382555
epsilon_c = 0.11631286916
r_cusp = 0.966262655112
r_center = 2.57240468623
W_cusp = -1.25471527368e-07
W_center = -0.146560470472
r_max_dens = 2.54806906292
density_max = 1.00019281199
r_max_mag_press = 2.95756256026
mag_pressure_max = 0.000724338755995
r_max_press = 2.54806906292
pressure_max = 0.0387809240474
r_max_total_press = 2.55411751292
total_pressure_max = 0.0394660311626
r_max_sp_energy = 2.54806906292
specific_internal_energy_max = 0.116320344185
r_max_sp_enth = 2.54806906292
specific_enthalpy_max = 1.15509379225
