p_c = 0.182094845128
mag_p_c = 5.7583446078e-05
l = 1.15912817057
mag_beta_c = 3162.27766017
r_int = 0.116622670216
r_mb_real = 2.22417002105e-314
l_mb = 1.15912817057
r_c = 0.451770692735
h_c = 1.72837938051
epsilon_c = 0.546284535384
r_cusp = 0.116699760684
r_center = 0.451770692735
W_cusp = -1.18145045768e-06
W_center = -0.547317460947
r_max_dens = 0.451501185182
density_max = 1.00000020226
r_max_mag_press = 0.659621090358
mag_pressure_max = 6.60037242042e-05
r_max_press = 0.451501185182
pressure_max = 0.182094894235
r_max_total_press = 0.451501185182
total_pressure_max = 0.182152451625
r_max_sp_energy = 0.451501185182
specific_internal_energy_max = 0.546284572214
r_max_sp_enth = 0.451501185182
specific_enthalpy_max = 1.72837942962
