p_c = 0.000154243104332
mag_p_c = 0.0274287346103
l = 2.77730787881
mag_beta_c = 0.0056234132519
r_int = 1.45696885537
r_mb_real = 2.13862245171e-314
l_mb = 2.77730787881
r_c = 3.72659081678
h_c = 1.0006168942
epsilon_c = 0.000462670646388
r_cusp = 1.45733674835
r_center = 3.72659081678
W_cusp = -2.07136707115e-07
W_center = -0.110250100147
r_max_dens = 2.62467131421
density_max = 1.63738419328
r_max_mag_press = 2.79533992632
mag_pressure_max = 0.0405123715324
r_max_press = 2.62467131421
pressure_max = 0.000297622980852
r_max_total_press = 2.79375344672
total_pressure_max = 0.0408017232164
r_max_sp_energy = 2.62467131421
specific_internal_energy_max = 0.000545302041038
r_max_sp_enth = 2.62467131421
specific_enthalpy_max = 1.00072706939
