p_c = 0.0171108149045
mag_p_c = 0.00570519763307
l = 3.01685585031
mag_beta_c = 2.99916251899
r_int = 1.9462863345
r_mb_real = 2.14584905901e-314
l_mb = 3.01685585031
r_c = 4.91124046632
h_c = 1.06844325962
epsilon_c = 0.0513324447136
r_cusp = 1.94684681898
r_center = 4.91124046632
W_cusp = -1.08759384503e-07
W_center = -0.0875616081841
r_max_dens = 4.42724200816
density_max = 1.03242616689
r_max_mag_press = 4.90285651843
mag_pressure_max = 0.00570527405902
r_max_press = 4.42724200816
pressure_max = 0.0178545687252
r_max_total_press = 4.52968637022
total_pressure_max = 0.0233893354269
r_max_sp_energy = 4.42724200816
specific_internal_energy_max = 0.0518813915156
r_max_sp_enth = 4.42724200816
specific_enthalpy_max = 1.06917518869
