p_c = 0.165608466849
mag_p_c = 9.31284846958e-05
l = 2.00200033169
mag_beta_c = 1778.27941004
r_int = 0.00338976218366
r_mb_real = 2.20767287665e-314
l_mb = 2.00200033169
r_c = 0.0672994897634
h_c = 1.66243386798
epsilon_c = 0.496825400981
r_cusp = 0.00346525722239
r_center = 0.0672994897634
W_cusp = -0.000816278093025
W_center = -0.508506791543
r_max_dens = 0.0669964150103
density_max = 1.00000296797
r_max_mag_press = 0.248042044445
mag_pressure_max = 0.000149044046055
r_max_press = 0.0669964150103
pressure_max = 0.165609122403
r_max_total_press = 0.0669964150103
total_pressure_max = 0.165701965356
r_max_sp_energy = 0.0669964150103
specific_internal_energy_max = 0.496825892647
r_max_sp_enth = 0.0669964150103
specific_enthalpy_max = 1.66243452353
