p_c = 0.00150097211944
mag_p_c = 0.084405892632
l = 2.07228917239
mag_beta_c = 0.0177827941004
r_int = 0.124730053336
r_mb_real = 2.14272650088e-314
l_mb = 2.07228917239
r_c = 0.543250843368
h_c = 1.00600314934
epsilon_c = 0.00450236200706
r_cusp = 0.124817800284
r_center = 0.543250843368
W_cusp = -4.5658672008e-06
W_center = -0.341552746049
r_max_dens = 0.247135663608
density_max = 2.9859562108
r_max_mag_press = 0.278348966869
mag_pressure_max = 0.203211450252
r_max_press = 0.247135663608
pressure_max = 0.00645276594412
r_max_total_press = 0.277172390517
total_pressure_max = 0.209335197251
r_max_sp_energy = 0.247135663608
specific_internal_energy_max = 0.00648311511146
r_max_sp_enth = 0.247135663608
specific_enthalpy_max = 1.00864415348
