p_c = 0.000177078450556
mag_p_c = 0.0314894991562
l = 2.65069628907
mag_beta_c = 0.0056234132519
r_int = 1.20439326868
r_mb_real = 2.13854959877e-314
l_mb = 2.65069628907
r_c = 3.12953703841
h_c = 1.00070810657
epsilon_c = 0.00053107992676
r_cusp = 1.20468367169
r_center = 3.12953703841
W_cusp = -1.95636367743e-07
W_center = -0.126539898251
r_max_dens = 2.16858341601
density_max = 1.68096626809
r_max_mag_press = 2.31550015393
mag_pressure_max = 0.0474898968763
r_max_press = 2.16858341601
pressure_max = 0.000353786781969
r_max_total_press = 2.31429322872
total_pressure_max = 0.0478333768838
r_max_sp_energy = 2.16858341601
specific_internal_energy_max = 0.000631398955504
r_max_sp_enth = 2.16858341601
specific_enthalpy_max = 1.00084186527
