p_c = 0.000377736330945
mag_p_c = 0.119450714593
l = 2.0063246157
mag_beta_c = 0.00316227766017
r_int = 0.0107871365282
r_mb_real = 2.21555313675e-314
l_mb = 2.0063246157
r_c = 0.125291558349
h_c = 1.00151097333
epsilon_c = 0.00113323000029
r_cusp = 0.0108630832391
r_center = 0.125291558349
W_cusp = -0.000132988643512
W_center = -0.478600677313
r_max_dens = 0.0223901522426
density_max = 13.3720710303
r_max_mag_press = 0.026142656945
mag_pressure_max = 1.10926257768
r_max_press = 0.0223901522426
pressure_max = 0.0119894076052
r_max_total_press = 0.0260113323968
total_pressure_max = 1.12044495892
r_max_sp_energy = 0.0223901522426
specific_internal_energy_max = 0.0026898019562
r_max_sp_enth = 0.0223901522426
specific_enthalpy_max = 1.00358640261
