p_c = 0.0178583348905
mag_p_c = 0.0317571778768
l = 0.934427829084
mag_beta_c = 0.56234132519
r_int = 0.255175352913
r_mb_real = 2.25426031057e-314
l_mb = 0.934427829084
r_c = 0.724199598529
h_c = 1.07142812853
epsilon_c = 0.0535710963962
r_cusp = 0.255286428582
r_center = 0.724199598529
W_cusp = -5.51970281452e-07
W_center = -0.187543988945
r_max_dens = 0.534219461862
density_max = 1.29190906237
r_max_mag_press = 0.589474301357
mag_pressure_max = 0.0364809103117
r_max_press = 0.534219461862
pressure_max = 0.0251251104025
r_max_total_press = 0.565420198941
total_pressure_max = 0.0609911580428
r_max_sp_energy = 0.534219461862
specific_internal_energy_max = 0.0583441461964
r_max_sp_enth = 0.534219461862
specific_enthalpy_max = 1.07779219493
