p_c = 0.165672143588
mag_p_c = 2.94611361713e-05
l = 2.00200033169
mag_beta_c = 5623.4132519
r_int = 0.00338976218366
r_mb_real = 2.19276028378e-314
l_mb = 2.00200033169
r_c = 0.0672994897634
h_c = 1.66268857493
epsilon_c = 0.497016431199
r_cusp = 0.00346525722239
r_center = 0.0672994897634
W_cusp = -0.000816278093025
W_center = -0.508506791543
r_max_dens = 0.067147930544
density_max = 1.00000048574
r_max_mag_press = 0.248872416212
mag_pressure_max = 4.72558646462e-05
r_max_press = 0.067147930544
pressure_max = 0.165672251081
r_max_total_press = 0.067147930544
total_pressure_max = 0.16570166702
r_max_sp_energy = 0.067147930544
specific_internal_energy_max = 0.497016511819
r_max_sp_enth = 0.067147930544
specific_enthalpy_max = 1.66268868243
