energy_density_max = 8.22715533493
total_ang_mom_dens_max = 5.59494880563
r_max_energy_density = 0.23560407616
r_max_total_ang_mom_dens = 0.248426607062
peri_r_max_energy_density = 0.758266413093
peri_r_max_total_ang_mom_dens = 0.778763381905
