p_c = 0.00799208090966
mag_p_c = 0.00449427736976
l = 3.79687967765
mag_beta_c = 1.77827941004
r_int = 3.58553996203
r_mb_real = 2.14566895034e-314
l_mb = 3.79687967765
r_c = 9.24084455661
h_c = 1.03196832364
epsilon_c = 0.023976242729
r_cusp = 3.58732545471
r_center = 9.24084455661
W_cusp = -1.90610108503e-07
W_center = -0.0488881868661
r_max_dens = 8.09974142049
density_max = 1.05806359723
r_max_mag_press = 8.83943061072
mag_pressure_max = 0.00452909600269
r_max_press = 8.09974142049
pressure_max = 0.00861672505413
r_max_total_press = 8.32898453833
total_pressure_max = 0.0130486937664
r_max_sp_energy = 8.09974142049
specific_internal_energy_max = 0.024431589207
r_max_sp_enth = 8.09974142049
specific_enthalpy_max = 1.03257545228
