p_c = 0.0331338565848
mag_p_c = 0.000589212549399
l = 2.65069628907
mag_beta_c = 56.234132519
r_int = 1.20439326868
r_mb_real = 2.20440056526e-314
l_mb = 2.65069628907
r_c = 3.12953703841
h_c = 1.13253542634
epsilon_c = 0.0994015697543
r_cusp = 1.20468367169
r_center = 3.12953703841
W_cusp = -1.95636367743e-07
W_center = -0.126539898251
r_max_dens = 3.1011899758
density_max = 1.000187261
r_max_mag_press = 3.57349236335
mag_pressure_max = 0.000617504419841
r_max_press = 3.1011899758
pressure_max = 0.0331421297483
r_max_total_press = 3.10924385917
total_pressure_max = 0.0337277688139
r_max_sp_energy = 3.1011899758
specific_internal_energy_max = 0.0994077740461
r_max_sp_enth = 3.1011899758
specific_enthalpy_max = 1.13254369873
