p_c = 9.77074353199e-05
mag_p_c = 0.308978042205
l = 0.920446895017
mag_beta_c = 0.000316227766017
r_int = 0.0527882972713
r_mb_real = 2.16395908664e-314
l_mb = 0.920446895017
r_c = 0.34546691412
h_c = 1.00039081327
epsilon_c = 0.000293109951347
r_cusp = 0.0528814318956
r_center = 0.34546691412
W_cusp = -0.000170539759153
W_center = -1.23576801229
r_max_dens = 0.0824674254584
density_max = 10.3929872961
r_max_mag_press = 0.0897053709493
mag_pressure_max = 2.42975438972
r_max_press = 0.0824674254584
pressure_max = 0.00221593526404
r_max_total_press = 0.0897053709493
total_pressure_max = 2.43187798285
r_max_sp_energy = 0.0824674254584
specific_internal_energy_max = 0.000639643405955
r_max_sp_enth = 0.0824674254584
specific_enthalpy_max = 1.00085285787
