p_c = 0.172981986368
mag_p_c = 5.47017069132e-05
l = 2.00063426218
mag_beta_c = 3162.27766017
r_int = 0.00111541391944
r_mb_real = 2.18250218454e-314
l_mb = 2.00063426218
r_c = 0.0368867500569
h_c = 1.69192795918
epsilon_c = 0.518945969386
r_cusp = 0.00119989331725
r_center = 0.0368867500569
W_cusp = -0.0051021124477
W_center = -0.525998006927
r_max_dens = 0.0367436070897
density_max = 1.00000140591
r_max_mag_press = 0.231244028061
mag_pressure_max = 0.000111292964218
r_max_press = 0.0367436070897
pressure_max = 0.172982315202
r_max_total_press = 0.0367436070897
total_pressure_max = 0.173036873657
r_max_sp_energy = 0.0367436070897
specific_internal_energy_max = 0.518946216012
r_max_sp_enth = 0.0367436070897
specific_enthalpy_max = 1.69192828802
