p_c = 0.000486979240153
mag_p_c = 0.0153996236913
l = 3.41421357534
mag_beta_c = 0.0316227766017
r_int = 2.78047018589
r_mb_real = 2.23782387695e-314
l_mb = 3.41421357534
r_c = 7.03285949425
h_c = 1.00194967696
epsilon_c = 0.00146225771847
r_cusp = 2.78152120646
r_center = 7.03285949425
W_cusp = -1.86897889679e-07
W_center = -0.0634819577585
r_max_dens = 5.17083147448
density_max = 1.49220080903
r_max_mag_press = 5.48275540549
mag_pressure_max = 0.0210347718728
r_max_press = 5.17083147448
pressure_max = 0.000831386757237
r_max_total_press = 5.46821027502
total_pressure_max = 0.0218465355308
r_max_sp_energy = 5.17083147448
specific_internal_energy_max = 0.00167146422695
r_max_sp_enth = 5.17083147448
specific_enthalpy_max = 1.00222861897
