p_c = 2.1704244824e-06
mag_p_c = 0.0122051937395
l = 3.79687967765
mag_beta_c = 0.000177827941004
r_int = 3.58553996203
r_mb_real = 2.23330699443e-314
l_mb = 3.79687967765
r_c = 9.24084455661
h_c = 1.00000869222
epsilon_c = 6.51916161928e-06
r_cusp = 3.58732545471
r_center = 9.24084455661
W_cusp = -1.90610108503e-07
W_center = -0.0488881868661
r_max_dens = 6.78620727682
density_max = 1.49591320342
r_max_mag_press = 7.18018497993
mag_pressure_max = 0.0168123688813
r_max_press = 6.78620727682
pressure_max = 3.71924075081e-06
r_max_total_press = 7.18018497993
total_pressure_max = 0.016816002491
r_max_sp_energy = 6.78620727682
specific_internal_energy_max = 7.45880324269e-06
r_max_sp_enth = 6.78620727682
specific_enthalpy_max = 1.00000994507
