p_c = 4.78842115862e-05
mag_p_c = 0.0478842118288
l = 2.33944440272
mag_beta_c = 0.001
r_int = 0.606502586307
r_mb_real = 2.23010753598e-314
l_mb = 2.33944440272
r_c = 1.73694263792
h_c = 1.00019152544
epsilon_c = 0.000143644083688
r_cusp = 0.606658435128
r_center = 1.73694263792
W_cusp = -1.20715454827e-07
W_center = -0.191680278022
r_max_dens = 1.10739643537
density_max = 1.909617724
r_max_mag_press = 1.19530559503
mag_pressure_max = 0.0801619359988
r_max_press = 1.10739643537
pressure_max = 0.000113436578885
r_max_total_press = 1.19530559503
total_pressure_max = 0.0802714212135
r_max_sp_energy = 1.10739643537
specific_internal_energy_max = 0.000178208304405
r_max_sp_enth = 1.10739643537
specific_enthalpy_max = 1.00023761107
