p_c = 0.00170829446089
mag_p_c = 0.170829465306
l = 1.20407705118
mag_beta_c = 0.01
r_int = 0.105606579349
r_mb_real = 2.16765232615e-314
l_mb = 1.20407705118
r_c = 0.425139204841
h_c = 1.006832923
epsilon_c = 0.00512469225237
r_cusp = 0.105681957084
r_center = 0.425139204841
W_cusp = -1.66520378321e-05
W_center = -0.685464862983
r_max_dens = 0.174305160339
density_max = 4.10500245314
r_max_mag_press = 0.192160852142
mag_pressure_max = 0.556453693086
r_max_press = 0.174305160339
pressure_max = 0.0112277404489
r_max_total_press = 0.191840119282
total_pressure_max = 0.567139036016
r_max_sp_energy = 0.174305160339
specific_internal_energy_max = 0.00820540833561
r_max_sp_enth = 0.174305160339
specific_enthalpy_max = 1.01094054445
