p_c = 0.108992134041
mag_p_c = 0.000193818467822
l = 1.06402371083
mag_beta_c = 562.34132519
r_int = 0.132875451826
r_mb_real = 2.14008153428e-314
l_mb = 1.06402371083
r_c = 0.470297980931
h_c = 1.43596853616
epsilon_c = 0.326976402123
r_cusp = 0.132960228361
r_center = 0.470297980931
W_cusp = -1.97717356487e-06
W_center = -0.362379455778
r_max_dens = 0.469474022689
density_max = 1.00000310398
r_max_mag_press = 0.633534128798
mag_pressure_max = 0.000215254581352
r_max_press = 0.469474022689
pressure_max = 0.108992585121
r_max_total_press = 0.469748559416
total_pressure_max = 0.109186184607
r_max_sp_energy = 0.469474022689
specific_internal_energy_max = 0.326976740433
r_max_sp_enth = 0.469474022689
specific_enthalpy_max = 1.43596898724
