p_c = 0.0228367639031
mag_p_c = 4.06101470408e-05
l = 3.01685585031
mag_beta_c = 562.34132519
r_int = 1.9462863345
r_mb_real = 2.13945823687e-314
l_mb = 3.01685585031
r_c = 4.91124046632
h_c = 1.09134705561
epsilon_c = 0.0685102917093
r_cusp = 1.94684681898
r_center = 4.91124046632
W_cusp = -1.08759384503e-07
W_center = -0.0875616081841
r_max_dens = 4.90704515377
density_max = 1.00000248266
r_max_mag_press = 5.59909866108
mag_pressure_max = 4.26489957217e-05
r_max_press = 4.90704515377
pressure_max = 0.0228368394977
r_max_total_press = 4.90704515377
total_pressure_max = 0.0228774223037
r_max_sp_energy = 4.90704515377
specific_internal_energy_max = 0.0685103484052
r_max_sp_enth = 4.90704515377
specific_enthalpy_max = 1.09134713121
