r_H = 1.05695239175
W_H = 0.0
M_H = 1.0
J_H = 0.848948119965
M_ADM = 1.0
J_ADM = 0.848948119965
M_SF = 0.0
J_SF = 0.0
m = 1.0
a_star = 0.848948119965
a_star_H = 0.848948119965
l_k_H = 2.77730786703
l_k_ADM = 2.77730786703
l = 2.77730787881
rho_c = 1.0
gamma = 1.33333333333
q = 1.33333333333
mag_beta_c = 562.34132519
v_H = 0.555421224259
a_eq = 0.848948119965
