energy_density_max = 47.2333673491
total_ang_mom_dens_max = 28.8376185912
r_max_energy_density = 0.165777518619
r_max_total_ang_mom_dens = 0.166594408094
peri_r_max_energy_density = 0.73328071563
peri_r_max_total_ang_mom_dens = 0.733984029858
