p_c = 0.0336173553092
mag_p_c = 0.000106307411688
l = 2.65069628907
mag_beta_c = 316.227766017
r_int = 1.20439326868
r_mb_real = 2.16764423138e-314
l_mb = 2.65069628907
r_c = 3.12953703841
h_c = 1.13446942124
epsilon_c = 0.100852065927
r_cusp = 1.20468367169
r_center = 3.12953703841
W_cusp = -1.95636367743e-07
W_center = -0.126539898251
r_max_dens = 3.12546017734
density_max = 1.00000522155
r_max_mag_press = 3.60970706136
mag_pressure_max = 0.000112153813289
r_max_press = 3.12546017734
pressure_max = 0.0336175893555
r_max_total_press = 3.12546017734
total_pressure_max = 0.0337237866746
r_max_sp_energy = 3.12546017734
specific_internal_energy_max = 0.100852241462
r_max_sp_enth = 3.12546017734
specific_enthalpy_max = 1.13446965528
