energy_density_max = 8.45162480102
total_ang_mom_dens_max = 5.75973744654
r_max_energy_density = 0.231814939688
r_max_total_ang_mom_dens = 0.243869498183
peri_r_max_energy_density = 0.754125453672
peri_r_max_total_ang_mom_dens = 0.773127907204
