p_c = 0.000712946334109
mag_p_c = 0.126781786849
l = 2.00200033169
mag_beta_c = 0.0056234132519
r_int = 0.00338976218366
r_mb_real = 2.23413468482e-314
l_mb = 2.00200033169
r_c = 0.0672994897634
h_c = 1.00285163924
epsilon_c = 0.00213872943338
r_cusp = 0.00346525722239
r_center = 0.0672994897634
W_cusp = -0.000816278093025
W_center = -0.508506791543
r_max_dens = 0.00715267505786
density_max = 32.5326783189
r_max_mag_press = 0.00841089462934
mag_pressure_max = 2.73102114284
r_max_press = 0.00715267505786
pressure_max = 0.0740378162209
r_max_total_press = 0.00841089462934
total_pressure_max = 2.79989527434
r_max_sp_energy = 0.00715267505786
specific_internal_energy_max = 0.00682739510364
r_max_sp_enth = 0.00715267505786
specific_enthalpy_max = 1.00910319347
