p_c = 0.134563326146
mag_p_c = 0.0448669671264
l = 1.15912817057
mag_beta_c = 2.99916251899
r_int = 0.116622670216
r_mb_real = 2.13580344752e-314
l_mb = 1.15912817057
r_c = 0.451770692735
h_c = 1.53825330458
epsilon_c = 0.403689978438
r_cusp = 0.116699760684
r_center = 0.451770692735
W_cusp = -1.18145045768e-06
W_center = -0.547317460947
r_max_dens = 0.338817284309
density_max = 1.09012396468
r_max_mag_press = 0.439752657887
mag_pressure_max = 0.0449064545829
r_max_press = 0.338817284309
pressure_max = 0.150971358455
r_max_total_press = 0.357648415469
total_pressure_max = 0.192618473653
r_max_sp_energy = 0.338817284309
specific_internal_energy_max = 0.415470249293
r_max_sp_enth = 0.338817284309
specific_enthalpy_max = 1.55396033239
