p_c = 1.51531710001e-05
mag_p_c = 0.0479185344227
l = 2.33944440272
mag_beta_c = 0.000316227766017
r_int = 0.606502586307
r_mb_real = 2.16546876153e-314
l_mb = 2.33944440272
r_c = 1.73694263792
h_c = 1.00006059914
epsilon_c = 4.54493514207e-05
r_cusp = 0.606658435128
r_center = 1.73694263792
W_cusp = -1.20715454827e-07
W_center = -0.191680278022
r_max_dens = 1.10691584257
density_max = 1.9118055885
r_max_mag_press = 1.19530559503
mag_pressure_max = 0.0802995824333
r_max_press = 1.10691584257
pressure_max = 3.59444940375e-05
r_max_total_press = 1.19530559503
total_pressure_max = 0.0803342655375
r_max_sp_energy = 1.10691584257
specific_internal_energy_max = 5.64039998426e-05
r_max_sp_enth = 1.10691584257
specific_enthalpy_max = 1.00007520533
