p_c = 0.0217795550894
mag_p_c = 0.00726187892502
l = 2.77730787881
mag_beta_c = 2.99916251899
r_int = 1.45696885537
r_mb_real = 2.2321494421e-314
l_mb = 2.77730787881
r_c = 3.72659081678
h_c = 1.08711822036
epsilon_c = 0.0653386652681
r_cusp = 1.45733674835
r_center = 3.72659081678
W_cusp = -2.07136707115e-07
W_center = -0.110250100147
r_max_dens = 3.34125491012
density_max = 1.03447473977
r_max_mag_press = 3.71859081386
mag_pressure_max = 0.00726201111947
r_max_press = 3.34125491012
pressure_max = 0.0227863898944
r_max_total_press = 3.42206340165
total_pressure_max = 0.0298178848051
r_max_sp_energy = 3.34125491012
specific_internal_energy_max = 0.0660810429245
r_max_sp_enth = 3.34125491012
specific_enthalpy_max = 1.08810805723
