p_c = 0.00496540020081
mag_p_c = 0.0279224137053
l = 2.6324555397
mag_beta_c = 0.177827941004
r_int = 1.16843707618
r_mb_real = 2.15263450125e-314
l_mb = 2.6324555397
r_c = 3.04476918435
h_c = 1.01986846835
epsilon_c = 0.0149013512607
r_cusp = 1.16871754501
r_center = 3.04476918435
W_cusp = -2.16289985962e-07
W_center = -0.12922531663
r_max_dens = 2.20503850124
density_max = 1.4574033987
r_max_mag_press = 2.37099628995
mag_pressure_max = 0.0364545200348
r_max_press = 2.20503850124
pressure_max = 0.00820844352972
r_max_total_press = 2.33831492841
total_pressure_max = 0.0444501580591
r_max_sp_energy = 2.20503850124
specific_internal_energy_max = 0.0168967154949
r_max_sp_enth = 2.20503850124
specific_enthalpy_max = 1.02252895399
