p_c = 0.133873960887
mag_p_c = 0.000133873960887
l = 2.02000000769
mag_beta_c = 1000.0
r_int = 0.0342292645894
r_mb_real = 2.20505219437e-314
l_mb = 2.02000000769
r_c = 0.242054631617
h_c = 1.53549584355
epsilon_c = 0.401621882661
r_cusp = 0.034307409192
r_center = 0.242054631617
W_cusp = -1.96790651451e-05
W_center = -0.429202098564
r_max_dens = 0.241647699533
density_max = 1.00000174904
r_max_mag_press = 0.410437774795
mag_pressure_max = 0.000160473687847
r_max_press = 0.241647699533
pressure_max = 0.133874273088
r_max_total_press = 0.241647699533
total_pressure_max = 0.134007987381
r_max_sp_energy = 0.241647699533
specific_internal_energy_max = 0.401622116812
r_max_sp_enth = 0.241647699533
specific_enthalpy_max = 1.53549615575
