p_c = 0.0319471047929
mag_p_c = 0.101025270352
l = 2.0063246157
mag_beta_c = 0.316227766017
r_int = 0.0107871365282
r_mb_real = 2.21001226563e-314
l_mb = 2.0063246157
r_c = 0.125291558349
h_c = 1.12779709554
epsilon_c = 0.0958478216546
r_cusp = 0.0108630832391
r_center = 0.125291558349
W_cusp = -0.000132988643512
W_center = -0.478600677313
r_max_dens = 0.0316213882319
density_max = 3.73716168763
r_max_mag_press = 0.0413042991393
mag_pressure_max = 0.256561728551
r_max_press = 0.0316213882319
pressure_max = 0.185293423269
r_max_total_press = 0.0365568930417
total_pressure_max = 0.431084253826
r_max_sp_energy = 0.0316213882319
specific_internal_energy_max = 0.148743971032
r_max_sp_enth = 0.0316213882319
specific_enthalpy_max = 1.19832529471
