p_c = 0.150763656853
mag_p_c = 0.00268099906763
l = 2.0063246157
mag_beta_c = 56.234132519
r_int = 0.0107871365282
r_mb_real = 2.17872394993e-314
l_mb = 2.0063246157
r_c = 0.125291558349
h_c = 1.60305462741
epsilon_c = 0.452290970558
r_cusp = 0.0108630832391
r_center = 0.125291558349
W_cusp = -0.000132988643512
W_center = -0.478600677313
r_max_dens = 0.117611218827
density_max = 1.00114309029
r_max_mag_press = 0.269915659249
mag_pressure_max = 0.00342388490113
r_max_press = 0.117611218827
pressure_max = 0.150993482581
r_max_total_press = 0.119437995344
total_pressure_max = 0.153577284203
r_max_sp_energy = 0.117611218827
specific_internal_energy_max = 0.452463241406
r_max_sp_enth = 0.117611218827
specific_enthalpy_max = 1.60328432187
