energy_density_max = 17.2905565733
total_ang_mom_dens_max = 8.75845964993
r_max_energy_density = 0.0899206803969
r_max_total_ang_mom_dens = 0.0920148717223
peri_r_max_energy_density = 0.300307938558
peri_r_max_total_ang_mom_dens = 0.307010281913
