p_c = 0.182120045165
mag_p_c = 3.23860326472e-05
l = 1.15912817057
mag_beta_c = 5623.4132519
r_int = 0.116622670216
r_mb_real = 2.12636899129e-314
l_mb = 1.15912817057
r_c = 0.451770692735
h_c = 1.72848018066
epsilon_c = 0.546360135494
r_cusp = 0.116699760684
r_center = 0.451770692735
W_cusp = -1.18145045768e-06
W_center = -0.547317460947
r_max_dens = 0.451501185182
density_max = 1.00000001435
r_max_mag_press = 0.659621090358
mag_pressure_max = 3.71287490125e-05
r_max_press = 0.451501185182
pressure_max = 0.182120048649
r_max_total_press = 0.451770692735
total_pressure_max = 0.182152431197
r_max_sp_energy = 0.451501185182
specific_internal_energy_max = 0.546360138107
r_max_sp_enth = 0.451501185182
specific_enthalpy_max = 1.72848018414
