p_c = 0.133257761659
mag_p_c = 0.000749363462831
l = 2.02000000769
mag_beta_c = 177.827941004
r_int = 0.0342292645894
r_mb_real = 2.21617441046e-314
l_mb = 2.02000000769
r_c = 0.242054631617
h_c = 1.53303104664
epsilon_c = 0.399773284976
r_cusp = 0.034307409192
r_center = 0.242054631617
W_cusp = -1.96790651451e-05
W_center = -0.429202098564
r_max_dens = 0.239211942339
density_max = 1.00006926649
r_max_mag_press = 0.404654209788
mag_pressure_max = 0.000890763922764
r_max_press = 0.239211942339
pressure_max = 0.133270068864
r_max_total_press = 0.23981994528
total_pressure_max = 0.134013986327
r_max_sp_energy = 0.239211942339
specific_internal_energy_max = 0.399782515061
r_max_sp_enth = 0.239211942339
specific_enthalpy_max = 1.53304335341
