p_c = 1.62112360193e-05
mag_p_c = 0.0512644292168
l = 0.933434197827
mag_beta_c = 0.000316227766017
r_int = 0.280238763035
r_mb_real = 2.25117620261e-314
l_mb = 0.933434197827
r_c = 0.812681112752
h_c = 1.0000648577
epsilon_c = 4.86432750204e-05
r_cusp = 0.280351920522
r_center = 0.812681112752
W_cusp = -2.03144424749e-07
W_center = -0.205149608994
r_max_dens = 0.505180960969
density_max = 2.00788085369
r_max_mag_press = 0.545502640444
mag_pressure_max = 0.0898311142008
r_max_press = 0.505180960969
pressure_max = 4.10752874745e-05
r_max_total_press = 0.545502640444
total_pressure_max = 0.0898707380603
r_max_sp_energy = 0.505180960969
specific_internal_energy_max = 6.13711028703e-05
r_max_sp_enth = 0.505180960969
specific_enthalpy_max = 1.00008182814
