p_c = 0.172939429443
mag_p_c = 9.72509875804e-05
l = 2.00063426218
mag_beta_c = 1778.27941004
r_int = 0.00111541391944
r_mb_real = 2.1939481915e-314
l_mb = 2.00063426218
r_c = 0.0368867500569
h_c = 1.69175773148
epsilon_c = 0.518818298608
r_cusp = 0.00119989331725
r_center = 0.0368867500569
W_cusp = -0.0051021124477
W_center = -0.525998006927
r_max_dens = 0.0366005039817
density_max = 1.00000411981
r_max_mag_press = 0.230436860656
mag_pressure_max = 0.00019737754509
r_max_press = 0.0366005039817
pressure_max = 0.172940383982
r_max_total_press = 0.0367436070897
total_pressure_max = 0.173037200595
r_max_sp_energy = 0.0366005039817
specific_internal_energy_max = 0.518819014511
r_max_sp_enth = 0.0366005039817
specific_enthalpy_max = 1.69175868602
