p_c = 0.0723375505445
mag_p_c = 0.0723366530263
l = 2.0063246157
mag_beta_c = 1.0
r_int = 0.0107871365282
r_mb_real = 2.13237935916e-314
l_mb = 2.0063246157
r_c = 0.125291558349
h_c = 1.28938619482
epsilon_c = 0.217039646113
r_cusp = 0.0108630832391
r_center = 0.125291558349
W_cusp = -0.000132988643512
W_center = -0.478600677313
r_max_dens = 0.0448418341288
density_max = 1.79439825825
r_max_mag_press = 0.0670809564561
mag_pressure_max = 0.0925881621758
r_max_press = 0.0448418341288
pressure_max = 0.157759047802
r_max_total_press = 0.0512999761016
total_pressure_max = 0.242295880436
r_max_sp_energy = 0.0448418341288
specific_internal_energy_max = 0.26375256509
r_max_sp_enth = 0.0448418341288
specific_enthalpy_max = 1.35167008679
