p_c = 0.164773977838
mag_p_c = 0.000926592170398
l = 2.00200033169
mag_beta_c = 177.827941004
r_int = 0.00338976218366
r_mb_real = 2.16967601904e-314
l_mb = 2.00200033169
r_c = 0.0672994897634
h_c = 1.65909591193
epsilon_c = 0.494321933946
r_cusp = 0.00346525722239
r_center = 0.0672994897634
W_cusp = -0.000816278093025
W_center = -0.508506791543
r_max_dens = 0.0648797763624
density_max = 1.00021753767
r_max_mag_press = 0.236939184506
mag_pressure_max = 0.00144136579341
r_max_press = 0.0648797763624
pressure_max = 0.164821772493
r_max_total_press = 0.0654836591673
total_pressure_max = 0.165728079026
r_max_sp_energy = 0.0648797763624
specific_internal_energy_max = 0.494357776039
r_max_sp_enth = 0.0648797763624
specific_enthalpy_max = 1.65914370138
