p_c = 2.07976533407e-05
mag_p_c = 0.207976533683
l = 1.19854613723
mag_beta_c = 0.0001
r_int = 0.104537220829
r_mb_real = 2.13373928078e-314
l_mb = 1.19854613723
r_c = 0.433729267781
h_c = 1.00008318762
epsilon_c = 6.23907173614e-05
r_cusp = 0.104617548939
r_center = 0.433729267781
W_cusp = -2.16163476906e-05
W_center = -0.831890220704
r_max_dens = 0.167721267422
density_max = 4.54217538826
r_max_mag_press = 0.184254592117
mag_pressure_max = 0.740187231599
r_max_press = 0.167721267422
pressure_max = 0.000156439128245
r_max_total_press = 0.184254592117
total_pressure_max = 0.740336212936
r_max_sp_energy = 0.167721267422
specific_internal_energy_max = 0.000103324364345
r_max_sp_enth = 0.167721267422
specific_enthalpy_max = 1.00013776582
