p_c = 0.0053645354444
mag_p_c = 0.169641690304
l = 1.20407705118
mag_beta_c = 0.0316227766017
r_int = 0.105606579349
r_mb_real = 2.22352446302e-314
l_mb = 1.20407705118
r_c = 0.425139204841
h_c = 1.02145564372
epsilon_c = 0.0160917327886
r_cusp = 0.105681957084
r_center = 0.425139204841
W_cusp = -1.66520378321e-05
W_center = -0.685464862983
r_max_dens = 0.176716743185
density_max = 3.81073077132
r_max_mag_press = 0.195712241371
mag_pressure_max = 0.513487890607
r_max_press = 0.176716743185
pressure_max = 0.031925844418
r_max_total_press = 0.194415889513
total_pressure_max = 0.543896960298
r_max_sp_energy = 0.176716743185
specific_internal_energy_max = 0.0251336394517
r_max_sp_enth = 0.176716743185
specific_enthalpy_max = 1.03351151927
