p_c = 0.133769904188
mag_p_c = 0.0002378802663
l = 2.02000000769
mag_beta_c = 562.34132519
r_int = 0.0342292645894
r_mb_real = 2.18972879184e-314
l_mb = 2.02000000769
r_c = 0.242054631617
h_c = 1.53507961675
epsilon_c = 0.401309712564
r_cusp = 0.034307409192
r_center = 0.242054631617
W_cusp = -1.96790651451e-05
W_center = -0.429202098564
r_max_dens = 0.241241045715
density_max = 1.00000630639
r_max_mag_press = 0.409382637137
mag_pressure_max = 0.000284736186029
r_max_press = 0.241241045715
pressure_max = 0.133771028996
r_max_total_press = 0.241444337856
total_pressure_max = 0.134008388153
r_max_sp_energy = 0.241241045715
specific_internal_energy_max = 0.401310556167
r_max_sp_enth = 0.241241045715
specific_enthalpy_max = 1.53508074156
