p_c = 0.00908034508635
mag_p_c = 0.0287144114413
l = 2.52880916553
mag_beta_c = 0.316227766017
r_int = 0.966033528906
r_mb_real = 2.12913335577e-314
l_mb = 2.52880916553
r_c = 2.57240468623
h_c = 1.03633444892
epsilon_c = 0.0272508366877
r_cusp = 0.966262655112
r_center = 2.57240468623
W_cusp = -1.25471527368e-07
W_center = -0.146560470472
r_max_dens = 1.88824298034
density_max = 1.37332115793
r_max_mag_press = 2.04788974454
mag_pressure_max = 0.0352321944396
r_max_press = 1.88824298034
pressure_max = 0.0138677758036
r_max_total_press = 1.99932537154
total_pressure_max = 0.0487535097399
r_max_sp_energy = 1.88824298034
specific_internal_energy_max = 0.0302939535815
r_max_sp_enth = 1.88824298034
specific_enthalpy_max = 1.04039193811
