p_c = 0.0264429536128
mag_p_c = 0.00836199614787
l = 2.62211129261
mag_beta_c = 3.16227766017
r_int = 1.14806422021
r_mb_real = 2.20696863153e-314
l_mb = 2.62211129261
r_c = 2.99830015116
h_c = 1.10577181445
epsilon_c = 0.0793288608386
r_cusp = 1.14833915964
r_center = 2.99830015116
W_cusp = -1.99954178118e-07
W_center = -0.130792107242
r_max_dens = 2.68149663462
density_max = 1.03390873013
r_max_mag_press = 3.00405230902
mag_pressure_max = 0.00836208810792
r_max_press = 2.68149663462
pressure_max = 0.0276451891915
r_max_total_press = 2.74771970729
total_pressure_max = 0.0357220482664
r_max_sp_energy = 2.68149663462
specific_internal_energy_max = 0.0802155598047
r_max_sp_enth = 2.68149663462
specific_enthalpy_max = 1.10695407974
