p_c = 0.0326031470256
mag_p_c = 0.0108707503575
l = 2.45746184609
mag_beta_c = 2.99916251899
r_int = 0.829031973588
r_mb_real = 2.24923143375e-314
l_mb = 2.45746184609
r_c = 2.25402271659
h_c = 1.1304125881
epsilon_c = 0.0978094410768
r_cusp = 0.829230666804
r_center = 2.25402271659
W_cusp = -2.26500975874e-07
W_center = -0.161049175568
r_max_dens = 1.98782314352
density_max = 1.03973038299
r_max_mag_press = 2.24511151961
mag_pressure_max = 0.0108711941116
r_max_press = 1.98782314352
pressure_max = 0.0343415981977
r_max_total_press = 2.04242797992
total_pressure_max = 0.0448187479097
r_max_sp_energy = 1.98782314352
specific_internal_energy_max = 0.0990879907703
r_max_sp_enth = 1.98782314352
specific_enthalpy_max = 1.13211732103
