p_c = 0.000225890742554
mag_p_c = 0.127027704379
l = 2.00200033169
mag_beta_c = 0.00177827941004
r_int = 0.00338976218366
r_mb_real = 2.1907932543e-314
l_mb = 2.00200033169
r_c = 0.0672994897634
h_c = 1.00090347675
epsilon_c = 0.000677607560536
r_cusp = 0.00346525722239
r_center = 0.0672994897634
W_cusp = -0.000816278093025
W_center = -0.508506791543
r_max_dens = 0.00702893797208
density_max = 34.2436638303
r_max_mag_press = 0.00828359877968
mag_pressure_max = 2.88521717915
r_max_press = 0.00702893797208
pressure_max = 0.025115980664
r_max_total_press = 0.00828359877968
total_pressure_max = 2.9086496034
r_max_sp_energy = 0.00702893797208
specific_internal_energy_max = 0.0022003469712
r_max_sp_enth = 0.00702893797208
specific_enthalpy_max = 1.00293379596
