r_H = 0.2205
W_H = 0.95
M_H = 0.34022
J_H = 0.12124
M_ADM = 0.630447
J_ADM = 0.402842
M_SF = 0.290227
J_SF = 0.281602
m = 1.0
a_star = 1.01353226466
a_star_H = 1.04743298728
l_k_H = nan
l_k_ADM = nan
K = 0.0
alpha = 0.0
a_par = 0.0
rho_c = 0.999999984368
gamma = 1.333333333
q = 1.333333333
mag_beta_c = 2.99916251899
v_H = 0.680223077468
a_eq = 0.930090216698
