energy_density_max = 4.01842850193
total_ang_mom_dens_max = 2.34061087409
r_max_energy_density = 0.559467285467
r_max_total_ang_mom_dens = 0.581729082313
peri_r_max_energy_density = 0.951012699073
peri_r_max_total_ang_mom_dens = 0.970175505227
