p_c = 0.000216991138969
mag_p_c = 0.0216991164934
l = 3.01685585031
mag_beta_c = 0.01
r_int = 1.9462863345
r_mb_real = 2.1304345903e-314
l_mb = 3.01685585031
r_c = 4.91124046632
h_c = 1.00086769503
epsilon_c = 0.000650771274024
r_cusp = 1.94684681898
r_center = 4.91124046632
W_cusp = -1.08759384503e-07
W_center = -0.0875616081841
r_max_dens = 3.53170289947
density_max = 1.57561154168
r_max_mag_press = 3.75052616324
mag_pressure_max = 0.0310494184851
r_max_press = 3.53170289947
pressure_max = 0.000397674457764
r_max_total_press = 3.74800653544
total_pressure_max = 0.0314367807246
r_max_sp_energy = 3.53170289947
specific_internal_energy_max = 0.000757181159018
r_max_sp_enth = 3.53170289947
specific_enthalpy_max = 1.00100957488
