p_c = 0.000973364578091
mag_p_c = 0.0307804865788
l = 2.65069628907
mag_beta_c = 0.0316227766017
r_int = 1.20439326868
r_mb_real = 2.2166762863e-314
l_mb = 2.65069628907
r_c = 3.12953703841
h_c = 1.00389375375
epsilon_c = 0.00292031531233
r_cusp = 1.20468367169
r_center = 3.12953703841
W_cusp = -1.95636367743e-07
W_center = -0.126539898251
r_max_dens = 2.18588645824
density_max = 1.63511126065
r_max_mag_press = 2.33619026027
mag_pressure_max = 0.0451389239477
r_max_press = 2.18588645824
pressure_max = 0.00187520702463
r_max_total_press = 2.33007095541
total_pressure_max = 0.0469606323978
r_max_sp_energy = 2.18588645824
specific_internal_energy_max = 0.00344051270961
r_max_sp_enth = 2.18588645824
specific_enthalpy_max = 1.00458735028
