p_c = 0.000432901282131
mag_p_c = 0.0136895349714
l = 3.57984163105
mag_beta_c = 0.0316227766017
r_int = 3.1298157959
r_mb_real = 2.15877843285e-314
l_mb = 3.57984163105
r_c = 7.97345443704
h_c = 1.00173252088
epsilon_c = 0.00129939065708
r_cusp = 3.13114819178
r_center = 7.97345443704
W_cusp = -1.16412385532e-08
W_center = -0.0564233645228
r_max_dens = 5.88219859305
density_max = 1.47869514556
r_max_mag_press = 6.23018039233
mag_pressure_max = 0.0185630706562
r_max_press = 5.88219859305
pressure_max = 0.000729793322857
r_max_total_press = 6.21792538461
total_pressure_max = 0.019276049737
r_max_sp_energy = 5.88219859305
specific_internal_energy_max = 0.00148061618728
r_max_sp_enth = 5.88219859305
specific_enthalpy_max = 1.00197415492
