r_H = 0.10219891039
W_H = 0.0
M_H = 1.0
J_H = 0.998693569459
M_ADM = 1.0
J_ADM = 0.998693569459
M_SF = 0.0
J_SF = 0.0
m = 1.0
a_star = 0.998693569459
a_star_H = 0.998693569459
l_k_H = 2.07228915661
l_k_ADM = 2.07228915661
l = 2.07228917239
rho_c = 1.00015927311
gamma = 1.33333333333
q = 1.33333333333
mag_beta_c = 1e-10
v_H = 0.950141839122
a_eq = 0.998693569459
