energy_density_max = 7.32205767441
total_ang_mom_dens_max = 4.85149680472
r_max_energy_density = 0.270532191695
r_max_total_ang_mom_dens = 0.285872841344
peri_r_max_energy_density = 0.839965344955
peri_r_max_total_ang_mom_dens = 0.857630682033
