p_c = 0.151931453835
mag_p_c = 0.00151931453835
l = 2.0063246157
mag_beta_c = 100.0
r_int = 0.0107871365282
r_mb_real = 2.24510310026e-314
l_mb = 2.0063246157
r_c = 0.125291558349
h_c = 1.60772581534
epsilon_c = 0.455794361505
r_cusp = 0.0108630832391
r_center = 0.125291558349
W_cusp = -0.000132988643512
W_center = -0.478600677313
r_max_dens = 0.120770427181
density_max = 1.00036886017
r_max_mag_press = 0.280739513372
mag_pressure_max = 0.00198374518563
r_max_press = 0.120770427181
pressure_max = 0.152006180379
r_max_total_press = 0.121938984575
total_pressure_max = 0.153493131721
r_max_sp_energy = 0.120770427181
specific_internal_energy_max = 0.455850396079
r_max_sp_enth = 0.120770427181
specific_enthalpy_max = 1.60780052811
