p_c = 8.92219457439e-06
mag_p_c = 0.0158661549678
l = 3.41421357534
mag_beta_c = 0.00056234132519
r_int = 2.78047018589
r_mb_real = 2.20164024816e-314
l_mb = 3.41421357534
r_c = 7.03285949425
h_c = 1.00003567974
epsilon_c = 2.67598029552e-05
r_cusp = 2.78152120646
r_center = 7.03285949425
W_cusp = -1.86897889679e-07
W_center = -0.0634819577585
r_max_dens = 5.12791370204
density_max = 1.53304649308
r_max_mag_press = 5.42979340177
mag_pressure_max = 0.0222627445257
r_max_press = 5.12791370204
pressure_max = 1.57663832775e-05
r_max_total_press = 5.42979340177
total_pressure_max = 0.0222781317535
r_max_sp_energy = 5.12791370204
specific_internal_energy_max = 3.08530433003e-05
r_max_sp_enth = 5.12791370204
specific_enthalpy_max = 1.00004113739
