p_c = 0.139994853275
mag_p_c = 0.0248949965057
l = 2.00200033169
mag_beta_c = 5.6234132519
r_int = 0.00338976218366
r_mb_real = 2.14602714398e-314
l_mb = 2.00200033169
r_c = 0.0672994897634
h_c = 1.55997941355
epsilon_c = 0.419984560165
r_cusp = 0.00346525722239
r_center = 0.0672994897634
W_cusp = -0.000816278093025
W_center = -0.508506791543
r_max_dens = 0.0351316185133
density_max = 1.10706695286
r_max_mag_press = 0.0953078570244
mag_pressure_max = 0.0259055729062
r_max_press = 0.0351316185133
pressure_max = 0.160328447023
r_max_total_press = 0.0392742393158
total_pressure_max = 0.179589780988
r_max_sp_energy = 0.0351316185133
specific_internal_energy_max = 0.434468159155
r_max_sp_enth = 0.0351316185133
specific_enthalpy_max = 1.57929087887
