p_c = 0.101782702975
mag_p_c = 1.01782702975e-11
l = 2.07228917239
mag_beta_c = 10000000000.0
r_int = 0.124730053336
r_mb_real = 2.24532570648e-314
l_mb = 2.07228917239
r_c = 0.543250843368
h_c = 1.4071308119
epsilon_c = 0.305348108924
r_cusp = 0.124817800284
r_center = 0.543250843368
W_cusp = -4.5658672008e-06
W_center = -0.341552746049
r_max_dens = 0.543250843368
density_max = 0.999999999998
r_max_mag_press = 0.738342031707
mag_pressure_max = 1.13494004908e-11
r_max_press = 0.543250843368
pressure_max = 0.101782702975
r_max_total_press = 0.543250843368
total_pressure_max = 0.101782702985
r_max_sp_energy = 0.543250843368
specific_internal_energy_max = 0.305348108924
r_max_sp_enth = 0.543250843368
specific_enthalpy_max = 1.4071308119
