p_c = 6.57583856666e-05
mag_p_c = 0.207946272183
l = 1.19854613723
mag_beta_c = 0.000316227766017
r_int = 0.104537220829
r_mb_real = 2.2361887331e-314
l_mb = 1.19854613723
r_c = 0.433729267781
h_c = 1.00026305279
epsilon_c = 0.000197289594923
r_cusp = 0.104617548939
r_center = 0.433729267781
W_cusp = -2.16163476906e-05
W_center = -0.831890220704
r_max_dens = 0.167869400475
density_max = 4.53759196165
r_max_mag_press = 0.184254592117
mag_pressure_max = 0.739431988307
r_max_press = 0.167869400475
pressure_max = 0.000494038476694
r_max_total_press = 0.184254592117
total_pressure_max = 0.739902556286
r_max_sp_energy = 0.167869400475
specific_internal_energy_max = 0.000326630389557
r_max_sp_enth = 0.167869400475
specific_enthalpy_max = 1.00043550719
