p_c = 3.86889676344e-06
mag_p_c = 0.0122345259155
l = 3.79687967765
mag_beta_c = 0.000316227766017
r_int = 3.58553996203
r_mb_real = 2.13803962816e-314
l_mb = 3.79687967765
r_c = 9.24084455661
h_c = 1.00001545515
epsilon_c = 1.15913651432e-05
r_cusp = 3.58732545471
r_center = 9.24084455661
W_cusp = -1.90610108503e-07
W_center = -0.0488881868661
r_max_dens = 6.78620727682
density_max = 1.49953533406
r_max_mag_press = 7.18018497993
mag_pressure_max = 0.0168507651194
r_max_press = 6.78620727682
pressure_max = 6.62874023962e-06
r_max_total_press = 7.18018497993
total_pressure_max = 0.0168572414416
r_max_sp_energy = 6.78620727682
specific_internal_energy_max = 1.32615886183e-05
r_max_sp_enth = 6.78620727682
specific_enthalpy_max = 1.00001768212
