p_c = 0.00813536887478
mag_p_c = 0.00813547455219
l = 3.41421357534
mag_beta_c = 1.0
r_int = 2.78047018589
r_mb_real = 2.18270050645e-314
l_mb = 3.41421357534
r_c = 7.03285949425
h_c = 1.03251127973
epsilon_c = 0.0243834597985
r_cusp = 2.78152120646
r_center = 7.03285949425
W_cusp = -1.86897889679e-07
W_center = -0.0634819577585
r_max_dens = 5.88958282334
density_max = 1.11842931815
r_max_mag_press = 6.37290093234
mag_pressure_max = 0.00846826740858
r_max_press = 5.88958282334
pressure_max = 0.00943302688374
r_max_total_press = 6.10393291826
total_pressure_max = 0.0177610171542
r_max_sp_energy = 5.88958282334
specific_internal_energy_max = 0.0253025204115
r_max_sp_enth = 5.88958282334
specific_enthalpy_max = 1.03373669388
