p_c = 0.00653199235776
mag_p_c = 0.116157044996
l = 2.0063246157
mag_beta_c = 0.056234132519
r_int = 0.0107871365282
r_mb_real = 2.18660218633e-314
l_mb = 2.0063246157
r_c = 0.125291558349
h_c = 1.02612856905
epsilon_c = 0.0195964267846
r_cusp = 0.0108630832391
r_center = 0.125291558349
W_cusp = -0.000132988643512
W_center = -0.478600677313
r_max_dens = 0.0243159442497
density_max = 9.21383026621
r_max_mag_press = 0.0291949323666
mag_pressure_max = 0.73713237054
r_max_press = 0.0243159442497
pressure_max = 0.126176719968
r_max_total_press = 0.0282598534743
total_pressure_max = 0.855174163522
r_max_sp_energy = 0.0243159442497
specific_internal_energy_max = 0.0410828232091
r_max_sp_enth = 0.0243159442497
specific_enthalpy_max = 1.05477709761
