p_c = 3.08957509834e-11
mag_p_c = 0.308957509834
l = 0.920446895017
mag_beta_c = 1e-10
r_int = 0.0527882972713
r_mb_real = 2.13691243122e-314
l_mb = 0.920446895017
r_c = 0.34546691412
h_c = 1.00000000012
epsilon_c = 9.26826009241e-11
r_cusp = 0.0528814318956
r_center = 0.34546691412
W_cusp = -0.000170539759153
W_center = -1.23576801229
r_max_dens = 0.0824674254584
density_max = 10.4175484703
r_max_mag_press = 0.0895662782891
mag_pressure_max = 2.435028479
r_max_press = 0.0824674254584
pressure_max = 7.02894910064e-10
r_max_total_press = 0.0895662782891
total_pressure_max = 2.43502847968
r_max_sp_energy = 0.0824674254584
specific_internal_energy_max = 2.02416598896e-10
r_max_sp_enth = 0.0824674254584
specific_enthalpy_max = 1.00000000027
