p_c = 0.165407361102
mag_p_c = 0.000294140504471
l = 2.00200033169
mag_beta_c = 562.34132519
r_int = 0.00338976218366
r_mb_real = 2.18575223532e-314
l_mb = 2.00200033169
r_c = 0.0672994897634
h_c = 1.66162944499
epsilon_c = 0.496222083741
r_cusp = 0.00346525722239
r_center = 0.0672994897634
W_cusp = -0.000816278093025
W_center = -0.508506791543
r_max_dens = 0.0663907894391
density_max = 1.00002375883
r_max_mag_press = 0.245350948898
mag_pressure_max = 0.000467456188374
r_max_press = 0.0663907894391
pressure_max = 0.165412601163
r_max_total_press = 0.0666935149414
total_pressure_max = 0.165704575495
r_max_sp_energy = 0.0663907894391
specific_internal_energy_max = 0.49622601374
r_max_sp_enth = 0.0663907894391
specific_enthalpy_max = 1.66163468499
