p_c = 2.69952385823e-05
mag_p_c = 0.0853664397092
l = 2.07228917239
mag_beta_c = 0.000316227766017
r_int = 0.124730053336
r_mb_real = 2.13143429458e-314
l_mb = 2.07228917239
r_c = 0.543250843368
h_c = 1.00010798598
epsilon_c = 8.09894816196e-05
r_cusp = 0.124817800284
r_center = 0.543250843368
W_cusp = -4.5658672008e-06
W_center = -0.341552746049
r_max_dens = 0.244054315467
density_max = 3.13282248515
r_max_mag_press = 0.27385583486
mag_pressure_max = 0.215681005826
r_max_press = 0.244054315467
pressure_max = 0.000123754731496
r_max_total_press = 0.27385583486
total_pressure_max = 0.215798374738
r_max_sp_energy = 0.244054315467
specific_internal_energy_max = 0.00011850789384
r_max_sp_enth = 0.244054315467
specific_enthalpy_max = 1.00015801053
