p_c = 0.0326192889753
mag_p_c = 0.0183431741891
l = 0.934427829084
mag_beta_c = 1.77827941004
r_int = 0.255175352913
r_mb_real = 2.17759068191e-314
l_mb = 0.934427829084
r_c = 0.724199598529
h_c = 1.1304771559
epsilon_c = 0.0978578669259
r_cusp = 0.255286428582
r_center = 0.724199598529
W_cusp = -5.51970281452e-07
W_center = -0.187543988945
r_max_dens = 0.600469493164
density_max = 1.08819698256
r_max_mag_press = 0.677478765055
mag_pressure_max = 0.0185796056677
r_max_press = 0.600469493164
pressure_max = 0.0365105055577
r_max_total_press = 0.623997448316
total_pressure_max = 0.0544995394611
r_max_sp_energy = 0.600469493164
specific_internal_energy_max = 0.100654126439
r_max_sp_enth = 0.600469493164
specific_enthalpy_max = 1.13420550192
