p_c = 2.12723288087e-05
mag_p_c = 0.119623095118
l = 2.0063246157
mag_beta_c = 0.000177827941004
r_int = 0.0107871365282
r_mb_real = 2.15090626753e-314
l_mb = 2.0063246157
r_c = 0.125291558349
h_c = 1.00008510068
epsilon_c = 6.38255117357e-05
r_cusp = 0.0108630832391
r_center = 0.125291558349
W_cusp = -0.000132988643512
W_center = -0.478600677313
r_max_dens = 0.0222630635579
density_max = 13.7164922468
r_max_mag_press = 0.025880132497
mag_pressure_max = 1.14020491208
r_max_press = 0.0222630635579
pressure_max = 0.00069858052108
r_max_total_press = 0.025880132497
total_pressure_max = 1.14085686693
r_max_sp_energy = 0.0222630635579
specific_internal_energy_max = 0.000152789906161
r_max_sp_enth = 0.0222630635579
specific_enthalpy_max = 1.00020371987
