p_c = 0.0037213341118
mag_p_c = 0.117678895402
l = 2.0063246157
mag_beta_c = 0.0316227766017
r_int = 0.0107871365282
r_mb_real = 2.14530063823e-314
l_mb = 2.0063246157
r_c = 0.125291558349
h_c = 1.01488576091
epsilon_c = 0.011164320685
r_cusp = 0.0108630832391
r_center = 0.125291558349
W_cusp = -0.000132988643512
W_center = -0.478600677313
r_max_dens = 0.0234128660844
density_max = 10.7705703186
r_max_mag_press = 0.0277278433429
mag_pressure_max = 0.876086949971
r_max_press = 0.0234128660844
pressure_max = 0.0885183771746
r_max_total_press = 0.0273299891045
total_pressure_max = 0.958792413295
r_max_sp_energy = 0.0234128660844
specific_internal_energy_max = 0.0246556239519
r_max_sp_enth = 0.0234128660844
specific_enthalpy_max = 1.03287416527
