p_c = 0.238175940921
mag_p_c = 0.0794141495876
l = 1.19854613723
mag_beta_c = 2.99916251899
r_int = 0.104537220829
r_mb_real = 2.23634253376e-314
l_mb = 1.19854613723
r_c = 0.433729267781
h_c = 1.95270376368
epsilon_c = 0.714527822762
r_cusp = 0.104617548939
r_center = 0.433729267781
W_cusp = -2.16163476906e-05
W_center = -0.831890220704
r_max_dens = 0.322339842761
density_max = 1.08373867961
r_max_mag_press = 0.420884685017
mag_pressure_max = 0.0795180228133
r_max_press = 0.322339842761
pressure_max = 0.265133123526
r_max_total_press = 0.344324565425
total_pressure_max = 0.338732052618
r_max_sp_energy = 0.322339842761
specific_internal_energy_max = 0.733940188296
r_max_sp_enth = 0.322339842761
specific_enthalpy_max = 1.97858691773
