p_c = 0.000233657041547
mag_p_c = 0.131395013027
l = 2.00063426218
mag_beta_c = 0.00177827941004
r_int = 0.00111541391944
r_mb_real = 2.22694652769e-314
l_mb = 2.00063426218
r_c = 0.0368867500569
h_c = 1.00093458286
epsilon_c = 0.000700937147162
r_cusp = 0.00119989331725
r_center = 0.0368867500569
W_cusp = -0.0051021124477
W_center = -0.525998006927
r_max_dens = 0.00231547922295
density_max = 93.3755943493
r_max_mag_press = 0.00269026088714
mag_pressure_max = 7.91298616593
r_max_press = 0.00231547922295
pressure_max = 0.0989757140532
r_max_total_press = 0.00269026088714
total_pressure_max = 8.00407982483
r_max_sp_energy = 0.00231547922295
specific_internal_energy_max = 0.00317992237939
r_max_sp_enth = 0.00231547922295
specific_enthalpy_max = 1.00423989651
