energy_density_max = 4.18064471783
total_ang_mom_dens_max = 3.12612469569
r_max_energy_density = 0.331717192144
r_max_total_ang_mom_dens = 0.350087918252
peri_r_max_energy_density = 0.915405221111
peri_r_max_total_ang_mom_dens = 0.945949512122
