p_c = 0.164057773592
mag_p_c = 0.00164057773566
l = 2.00200033169
mag_beta_c = 100.0
r_int = 0.00338976218366
r_mb_real = 2.22056380033e-314
l_mb = 2.00200033169
r_c = 0.0672994897634
h_c = 1.65623109494
epsilon_c = 0.492173321204
r_cusp = 0.00346525722239
r_center = 0.0672994897634
W_cusp = -0.000816278093025
W_center = -0.508506791543
r_max_dens = 0.0630722973999
density_max = 1.00066017668
r_max_mag_press = 0.228238371173
mag_pressure_max = 0.00249385832851
r_max_press = 0.0630722973999
pressure_max = 0.164202199158
r_max_total_press = 0.0641259008048
total_pressure_max = 0.165781930292
r_max_sp_energy = 0.0630722973999
specific_internal_energy_max = 0.492281604639
r_max_sp_enth = 0.0630722973999
specific_enthalpy_max = 1.65637547285
