p_c = 0.000475374007341
mag_p_c = 0.0475374024399
l = 2.33944440272
mag_beta_c = 0.01
r_int = 0.606502586307
r_mb_real = 2.23426824855e-314
l_mb = 2.33944440272
r_c = 1.73694263792
h_c = 1.00190141513
epsilon_c = 0.00142606134976
r_cusp = 0.606658435128
r_center = 1.73694263792
W_cusp = -1.20715454827e-07
W_center = -0.191680278022
r_max_dens = 1.11125212323
density_max = 1.88552433736
r_max_mag_press = 1.20069039978
mag_pressure_max = 0.078561419618
r_max_press = 1.11125212323
pressure_max = 0.00110727030318
r_max_total_press = 1.1990713169
total_pressure_max = 0.0796302946548
r_max_sp_energy = 1.11125212323
specific_internal_energy_max = 0.00176174385221
r_max_sp_enth = 1.11125212323
specific_enthalpy_max = 1.0023489918
