p_c = 0.0591452691465
mag_p_c = 0.0105176814325
l = 2.20000000981
mag_beta_c = 5.6234132519
r_int = 0.351018639411
r_mb_real = 2.25566677712e-314
l_mb = 2.20000000981
r_c = 1.13078114698
h_c = 1.23658107659
epsilon_c = 0.17743580744
r_cusp = 0.351134497411
r_center = 1.13078114698
W_cusp = -7.26960105002e-08
W_center = -0.246372184676
r_max_dens = 1.01638138155
density_max = 1.01939265232
r_max_mag_press = 1.20976123832
mag_pressure_max = 0.0106164905356
r_max_press = 1.01638138155
pressure_max = 0.060679502438
r_max_total_press = 1.04070601449
total_pressure_max = 0.0707120756763
r_max_sp_energy = 1.01638138155
specific_internal_energy_max = 0.178575455591
r_max_sp_enth = 1.01638138155
specific_enthalpy_max = 1.23810060745
