r_max_field_energy_density = 0.591479957933
field_energy_density_max = 0.202995694988
peri_r_max_field_energy_density = 1.24929990769
peri_field_energy_density_max = 0.202995694988
