energy_density_max = 7.38564653877
total_ang_mom_dens_max = 4.88674685121
r_max_energy_density = 0.268218705949
r_max_total_ang_mom_dens = 0.283478459708
peri_r_max_energy_density = 0.837335099367
peri_r_max_total_ang_mom_dens = 0.854848794813
