p_c = 6.89696606529e-05
mag_p_c = 0.0218101195904
l = 3.01685585031
mag_beta_c = 0.00316227766017
r_int = 1.9462863345
r_mb_real = 2.13606248021e-314
l_mb = 3.01685585031
r_c = 4.91124046632
h_c = 1.00027609738
epsilon_c = 0.000207073032713
r_cusp = 1.94684681898
r_center = 4.91124046632
W_cusp = -1.08759384503e-07
W_center = -0.0875616081841
r_max_dens = 3.52498595995
density_max = 1.58406941933
r_max_mag_press = 3.74297707505
mag_pressure_max = 0.0314179685126
r_max_press = 3.52498595995
pressure_max = 0.000127491912493
r_max_total_press = 3.74046723084
total_pressure_max = 0.0315421504343
r_max_sp_energy = 3.52498595995
specific_internal_energy_max = 0.000241451373793
r_max_sp_enth = 3.52498595995
specific_enthalpy_max = 1.00032193517
