p_c = 0.10285287117
mag_p_c = 0.0578384198678
l = 2.00200033169
mag_beta_c = 1.77827941004
r_int = 0.00338976218366
r_mb_real = 2.17942819505e-314
l_mb = 2.00200033169
r_c = 0.0672994897634
h_c = 1.41141148499
epsilon_c = 0.308558613739
r_cusp = 0.00346525722239
r_center = 0.0672994897634
W_cusp = -0.000816278093025
W_center = -0.508506791543
r_max_dens = 0.0215455500598
density_max = 1.55805884931
r_max_mag_press = 0.0425851786419
mag_pressure_max = 0.0629261845808
r_max_press = 0.0215455500598
pressure_max = 0.185778262396
r_max_total_press = 0.0248662217496
total_pressure_max = 0.238658477854
r_max_sp_energy = 0.0215455500598
specific_internal_energy_max = 0.357710998808
r_max_sp_enth = 0.0215455500598
specific_enthalpy_max = 1.47694799841
