p_c = 0.165178935391
mag_p_c = 0.000522341657236
l = 2.00200033169
mag_beta_c = 316.227766017
r_int = 0.00338976218366
r_mb_real = 2.14295720187e-314
l_mb = 2.00200033169
r_c = 0.0672994897634
h_c = 1.66071574214
epsilon_c = 0.495536806607
r_cusp = 0.00346525722239
r_center = 0.0672994897634
W_cusp = -0.000816278093025
W_center = -0.508506791543
r_max_dens = 0.0657858616678
density_max = 1.00007152598
r_max_mag_press = 0.242260229713
mag_pressure_max = 0.000823637573222
r_max_press = 0.0657858616678
pressure_max = 0.165194688552
r_max_total_press = 0.0662394921139
total_pressure_max = 0.16571039278
r_max_sp_energy = 0.0657858616678
specific_internal_energy_max = 0.495548621055
r_max_sp_enth = 0.0657858616678
specific_enthalpy_max = 1.66073149474
