p_c = 0.0281455345287
mag_p_c = 0.00158273971851
l = 2.7590527171
mag_beta_c = 17.7827941004
r_int = 1.42010048383
r_mb_real = 2.12377259332e-314
l_mb = 2.7590527171
r_c = 3.63881527247
h_c = 1.11258213811
epsilon_c = 0.0844366035861
r_cusp = 1.42045612549
r_center = 3.63881527247
W_cusp = -9.72712682871e-08
W_center = -0.112373893767
r_max_dens = 3.54577417437
density_max = 1.00166289892
r_max_mag_press = 4.0398487238
mag_pressure_max = 0.00163337896772
r_max_press = 3.54577417437
pressure_max = 0.0282079560564
r_max_total_press = 3.56801319416
total_pressure_max = 0.0297655422075
r_max_sp_energy = 3.54577417437
specific_internal_energy_max = 0.0844833808462
r_max_sp_enth = 3.54577417437
specific_enthalpy_max = 1.11264450779
