p_c = 0.0042651314852
mag_p_c = 0.13487539532
l = 1.15912817057
mag_beta_c = 0.0316227766017
r_int = 0.116622670216
r_mb_real = 2.21573931649e-314
l_mb = 1.15912817057
r_c = 0.451770692735
h_c = 1.01705891083
epsilon_c = 0.0127941831247
r_cusp = 0.116699760684
r_center = 0.451770692735
W_cusp = -1.18145045768e-06
W_center = -0.547317460947
r_max_dens = 0.202013743662
density_max = 3.35822446075
r_max_mag_press = 0.22390715941
mag_pressure_max = 0.364968955841
r_max_press = 0.202013743662
pressure_max = 0.0214465396568
r_max_total_press = 0.222365306233
total_pressure_max = 0.385412503295
r_max_sp_energy = 0.202013743662
specific_internal_energy_max = 0.0191588202999
r_max_sp_enth = 0.202013743662
specific_enthalpy_max = 1.02554509373
