energy_density_max = 9.87845668094
total_ang_mom_dens_max = 6.57684017281
r_max_energy_density = 0.210622633194
r_max_total_ang_mom_dens = 0.217891627709
peri_r_max_energy_density = 0.71904470439
peri_r_max_total_ang_mom_dens = 0.730347272329
