p_c = 0.00108047404173
mag_p_c = 0.0607594884516
l = 2.20000000981
mag_beta_c = 0.0177827941004
r_int = 0.351018639411
r_mb_real = 2.23671691694e-314
l_mb = 2.20000000981
r_c = 1.13078114698
h_c = 1.00432308587
epsilon_c = 0.00324231440417
r_cusp = 0.351134497411
r_center = 1.13078114698
W_cusp = -7.26960105002e-08
W_center = -0.246372184676
r_max_dens = 0.661386308922
density_max = 2.11856889545
r_max_mag_press = 0.723909090187
mag_pressure_max = 0.110136834662
r_max_press = 0.661386308922
pressure_max = 0.00294101453662
r_max_total_press = 0.721867869676
total_pressure_max = 0.112960645834
r_max_sp_energy = 0.661386308922
specific_internal_energy_max = 0.00416462435034
r_max_sp_enth = 0.661386308922
specific_enthalpy_max = 1.00555283247
