p_c = 0.000900144015193
mag_p_c = 0.0900143937536
l = 1.06402371083
mag_beta_c = 0.01
r_int = 0.132875451826
r_mb_real = 2.1723897912e-314
l_mb = 1.06402371083
r_c = 0.470297980931
h_c = 1.00360077086
epsilon_c = 0.00270057814767
r_cusp = 0.132960228361
r_center = 0.470297980931
W_cusp = -1.97717356487e-06
W_center = -0.362379455778
r_max_dens = 0.241436589428
density_max = 2.6768907855
r_max_mag_press = 0.266007006981
mag_pressure_max = 0.200041126845
r_max_press = 0.241436589428
pressure_max = 0.00334593523329
r_max_total_press = 0.265447168706
total_pressure_max = 0.203237109919
r_max_sp_energy = 0.241436589428
specific_internal_energy_max = 0.00374980023625
r_max_sp_enth = 0.241436589428
specific_enthalpy_max = 1.00499973365
