p_c = 0.000507619883418
mag_p_c = 0.0902689971707
l = 1.06402371083
mag_beta_c = 0.0056234132519
r_int = 0.132875451826
r_mb_real = 2.20193975471e-314
l_mb = 1.06402371083
r_c = 0.470297980931
h_c = 1.00203051725
epsilon_c = 0.00152288793943
r_cusp = 0.132960228361
r_center = 0.470297980931
W_cusp = -1.97717356487e-06
W_center = -0.362379455778
r_max_dens = 0.240739055639
density_max = 2.70455383859
r_max_mag_press = 0.26526073455
mag_pressure_max = 0.202683889836
r_max_press = 0.240739055639
pressure_max = 0.00191283227078
r_max_total_press = 0.264888134146
total_pressure_max = 0.204510740249
r_max_sp_energy = 0.240739055639
specific_internal_energy_max = 0.00212179056318
r_max_sp_enth = 0.240739055639
specific_enthalpy_max = 1.00282905408
