p_c = 3.88530659629e-05
mag_p_c = 0.0218486841693
l = 3.01685585031
mag_beta_c = 0.00177827941004
r_int = 1.9462863345
r_mb_real = 2.16506604664e-314
l_mb = 3.01685585031
r_c = 4.91124046632
h_c = 1.00015545675
epsilon_c = 0.00011659256026
r_cusp = 1.94684681898
r_center = 4.91124046632
W_cusp = -1.08759384503e-07
W_center = -0.0875616081841
r_max_dens = 3.52275253852
density_max = 1.58697362528
r_max_mag_press = 3.74046723084
mag_pressure_max = 0.0315168776369
r_max_press = 3.52275253852
pressure_max = 7.19477625638e-05
r_max_total_press = 3.74046723084
total_pressure_max = 0.0315869418274
r_max_sp_energy = 3.52275253852
specific_internal_energy_max = 0.000136009372968
r_max_sp_enth = 3.52275253852
specific_enthalpy_max = 1.00018134583
