p_c = 0.0476799436844
mag_p_c = 0.00268124027165
l = 2.36711935577
mag_beta_c = 17.7827941004
r_int = 0.658272243274
r_mb_real = 2.23785018496e-314
l_mb = 2.36711935577
r_c = 1.856947682
h_c = 1.19071977474
epsilon_c = 0.143039831053
r_cusp = 0.658437408234
r_center = 1.856947682
W_cusp = -3.6073961847e-07
W_center = -0.183565101352
r_max_dens = 1.79879929293
density_max = 1.00203965361
r_max_mag_press = 2.10523175547
mag_pressure_max = 0.00278331088435
r_max_press = 1.79879929293
pressure_max = 0.0478096551697
r_max_total_press = 1.81212546144
total_pressure_max = 0.0504388460959
r_max_sp_energy = 1.79879929293
specific_internal_energy_max = 0.143137015578
r_max_sp_enth = 1.79879929293
specific_enthalpy_max = 1.1908493541
