p_c = 0.000313693854628
mag_p_c = 0.0313693902168
l = 2.65069628907
mag_beta_c = 0.01
r_int = 1.20439326868
r_mb_real = 2.15908198678e-314
l_mb = 2.65069628907
r_c = 3.12953703841
h_c = 1.00125443395
epsilon_c = 0.000940825460722
r_cusp = 1.20468367169
r_center = 3.12953703841
W_cusp = -1.95636367743e-07
W_center = -0.126539898251
r_max_dens = 2.17180887331
density_max = 1.67293820322
r_max_mag_press = 2.31912765088
mag_pressure_max = 0.0470773564458
r_max_press = 2.17180887331
pressure_max = 0.000622761282424
r_max_total_press = 2.31670819845
total_pressure_max = 0.0476820443175
r_max_sp_energy = 2.17180887331
specific_internal_energy_max = 0.00111676799757
r_max_sp_enth = 2.17180887331
specific_enthalpy_max = 1.001489024
