p_c = 0.081033905972
mag_p_c = 0.0270188445804
l = 1.06402371083
mag_beta_c = 2.99916251899
r_int = 0.132875451826
r_mb_real = 2.12586913915e-314
l_mb = 1.06402371083
r_c = 0.470297980931
h_c = 1.32413562389
epsilon_c = 0.243101717916
r_cusp = 0.132960228361
r_center = 0.470297980931
W_cusp = -1.97717356487e-06
W_center = -0.362379455778
r_max_dens = 0.377777804265
density_max = 1.06808621273
r_max_mag_press = 0.463735448553
mag_pressure_max = 0.0270276284014
r_max_press = 0.377777804265
pressure_max = 0.0884725446331
r_max_total_press = 0.394782014498
total_pressure_max = 0.113931470248
r_max_sp_energy = 0.377777804265
specific_internal_energy_max = 0.248498324139
r_max_sp_enth = 0.377777804265
specific_enthalpy_max = 1.33133109885
