p_c = 0.105050309824
mag_p_c = 0.000590741304383
l = 2.0632455533
mag_beta_c = 177.827941004
r_int = 0.108958294315
r_mb_real = 2.16807123058e-314
l_mb = 2.0632455533
r_c = 0.496955955548
h_c = 1.4202012393
epsilon_c = 0.315150929473
r_cusp = 0.109044255896
r_center = 0.496955955548
W_cusp = -3.43793665531e-06
W_center = -0.352462403606
r_max_dens = 0.493479358762
density_max = 1.00004407382
r_max_mag_press = 0.680374781769
mag_pressure_max = 0.000658477574659
r_max_press = 0.493479358762
pressure_max = 0.105056483161
r_max_total_press = 0.494346882276
total_pressure_max = 0.105644545188
r_max_sp_energy = 0.493479358762
specific_internal_energy_max = 0.315155559373
r_max_sp_enth = 0.493479358762
specific_enthalpy_max = 1.4202074125
