p_c = 0.0986491451595
mag_p_c = 0.00311955987932
l = 2.07228917239
mag_beta_c = 31.6227766017
r_int = 0.124730053336
r_mb_real = 2.13449007084e-314
l_mb = 2.07228917239
r_c = 0.543250843368
h_c = 1.39459658064
epsilon_c = 0.295947435479
r_cusp = 0.124817800284
r_center = 0.543250843368
W_cusp = -4.5658672008e-06
W_center = -0.341552746049
r_max_dens = 0.524127088752
density_max = 1.00122870478
r_max_mag_press = 0.70311910999
mag_pressure_max = 0.00337928620767
r_max_press = 0.524127088752
pressure_max = 0.0988107924814
r_max_total_press = 0.528633779182
total_pressure_max = 0.101863423464
r_max_sp_energy = 0.524127088752
specific_internal_energy_max = 0.296068596545
r_max_sp_enth = 0.524127088752
specific_enthalpy_max = 1.39475812873
