energy_density_max = 45.5320109364
total_ang_mom_dens_max = 27.8129958757
r_max_energy_density = 0.166185494053
r_max_total_ang_mom_dens = 0.167415043416
peri_r_max_energy_density = 0.733631640044
peri_r_max_total_ang_mom_dens = 0.734693206369
