energy_density_max = 41.1227662068
total_ang_mom_dens_max = 26.0388293265
r_max_energy_density = 0.149421137071
r_max_total_ang_mom_dens = 0.150612902978
peri_r_max_energy_density = 0.63390606755
peri_r_max_total_ang_mom_dens = 0.635466773114
