p_c = 0.000285891248057
mag_p_c = 0.0904067478278
l = 1.06402371083
mag_beta_c = 0.00316227766017
r_int = 0.132875451826
r_mb_real = 2.17291392765e-314
l_mb = 1.06402371083
r_c = 0.470297980931
h_c = 1.00114363647
epsilon_c = 0.000857727355814
r_cusp = 0.132960228361
r_center = 0.470297980931
W_cusp = -1.97717356487e-06
W_center = -0.362379455778
r_max_dens = 0.240390829923
density_max = 2.72029757355
r_max_mag_press = 0.264701967897
mag_pressure_max = 0.204190698442
r_max_press = 0.240390829923
pressure_max = 0.00108573942379
r_max_total_press = 0.264515890952
total_pressure_max = 0.205227457334
r_max_sp_energy = 0.240390829923
specific_internal_energy_max = 0.00119737572207
r_max_sp_enth = 0.240390829923
specific_enthalpy_max = 1.00159650096
