p_c = 0.000107253000206
mag_p_c = 0.107253002819
l = 2.02000000769
mag_beta_c = 0.001
r_int = 0.0342292645894
r_mb_real = 2.24036361152e-314
l_mb = 2.02000000769
r_c = 0.242054631617
h_c = 1.00042895715
epsilon_c = 0.000321717861212
r_cusp = 0.034307409192
r_center = 0.242054631617
W_cusp = -1.96790651451e-05
W_center = -0.429202098564
r_max_dens = 0.0696157349495
density_max = 6.14240195903
r_max_mag_press = 0.0801876665425
mag_pressure_max = 0.488268201378
r_max_press = 0.0696157349495
pressure_max = 0.00120629367868
r_max_total_press = 0.0801876665425
total_pressure_max = 0.48939880505
r_max_sp_energy = 0.0696157349495
specific_internal_energy_max = 0.000589163825516
r_max_sp_enth = 0.0696157349495
specific_enthalpy_max = 1.00078555177
