r_H = 1.67207890382
W_H = 0.0
M_H = 1.0
J_H = 0.548669331062
M_ADM = 1.0
J_ADM = 0.548669331062
M_SF = 0.0
J_SF = 0.0
m = 1.0
a_star = 0.548669331062
a_star_H = 0.548669331062
l_k_H = 3.34362296637
l_k_ADM = 3.34362296637
l = 3.34362297106
rho_c = 0.999294737486
gamma = 1.33333333333
q = 1.33333333333
mag_beta_c = 0.056234132519
v_H = 0.29883308362
a_eq = 0.548669331062
