p_c = 0.0686212941535
mag_p_c = 0.00122027834484
l = 2.20000000981
mag_beta_c = 56.234132519
r_int = 0.351018639411
r_mb_real = 2.19465850771e-314
l_mb = 2.20000000981
r_c = 1.13078114698
h_c = 1.27448517661
epsilon_c = 0.205863882461
r_cusp = 0.351134497411
r_center = 1.13078114698
W_cusp = -7.26960105002e-08
W_center = -0.246372184676
r_max_dens = 1.11505950613
density_max = 1.00028638587
r_max_mag_press = 1.36427622338
mag_pressure_max = 0.00130137952598
r_max_press = 1.11505950613
pressure_max = 0.0686474982966
r_max_total_press = 1.11896562758
total_pressure_max = 0.0698568217318
r_max_sp_energy = 1.11505950613
specific_internal_energy_max = 0.205883532754
r_max_sp_enth = 1.11505950613
specific_enthalpy_max = 1.27451137701
