p_c = 0.172863792484
mag_p_c = 0.000172863791862
l = 2.00063426218
mag_beta_c = 1000.0
r_int = 0.00111541391944
r_mb_real = 2.20641818706e-314
l_mb = 2.00063426218
r_c = 0.0368867500569
h_c = 1.69145518363
epsilon_c = 0.518591387724
r_cusp = 0.00119989331725
r_center = 0.0368867500569
W_cusp = -0.0051021124477
W_center = -0.525998006927
r_max_dens = 0.03645744072
density_max = 1.00001261135
r_max_mag_press = 0.229026861463
mag_pressure_max = 0.000349324446017
r_max_press = 0.03645744072
pressure_max = 0.172866703782
r_max_total_press = 0.0366005039817
total_pressure_max = 0.173038291262
r_max_sp_energy = 0.03645744072
specific_internal_energy_max = 0.518593571184
r_max_sp_enth = 0.03645744072
specific_enthalpy_max = 1.69145809491
