p_c = 0.00332296529546
mag_p_c = 0.0590917471557
l = 2.20000000981
mag_beta_c = 0.056234132519
r_int = 0.351018639411
r_mb_real = 2.21417904928e-314
l_mb = 2.20000000981
r_c = 1.13078114698
h_c = 1.01328647735
epsilon_c = 0.00996485801447
r_cusp = 0.351134497411
r_center = 1.13078114698
W_cusp = -7.26960105002e-08
W_center = -0.246372184676
r_max_dens = 0.672883852423
density_max = 1.99631389427
r_max_mag_press = 0.738728777775
mag_pressure_max = 0.100843381127
r_max_press = 0.672883852423
pressure_max = 0.00834826675461
r_max_total_press = 0.733175088721
total_pressure_max = 0.108869878414
r_max_sp_energy = 0.672883852423
specific_internal_energy_max = 0.0125455221925
r_max_sp_enth = 0.672883852423
specific_enthalpy_max = 1.01672736292
