p_c = 0.000109407298522
mag_p_c = 0.0615242478919
l = 2.20000000981
mag_beta_c = 0.00177827941004
r_int = 0.351018639411
r_mb_real = 2.17430825205e-314
l_mb = 2.20000000981
r_c = 1.13078114698
h_c = 1.00043753203
epsilon_c = 0.000328149023144
r_cusp = 0.351134497411
r_center = 1.13078114698
W_cusp = -7.26960105002e-08
W_center = -0.246372184676
r_max_dens = 0.656178653854
density_max = 2.17928732612
r_max_mag_press = 0.71746735635
mag_pressure_max = 0.114688867728
r_max_press = 0.656178653854
pressure_max = 0.000309032181338
r_max_total_press = 0.71713010518
total_pressure_max = 0.114985430843
r_max_sp_energy = 0.656178653854
specific_internal_energy_max = 0.000425412717682
r_max_sp_enth = 0.656178653854
specific_enthalpy_max = 1.00056721696
