energy_density_max = 71.4633329119
total_ang_mom_dens_max = 34.4482605153
r_max_energy_density = 0.0702558918086
r_max_total_ang_mom_dens = 0.0706231048444
peri_r_max_energy_density = 0.237560387222
peri_r_max_total_ang_mom_dens = 0.238727516003
