p_c = 0.126808962612
mag_p_c = 0.00713099200815
l = 2.02000000769
mag_beta_c = 17.7827941004
r_int = 0.0342292645894
r_mb_real = 2.14754896103e-314
l_mb = 2.02000000769
r_c = 0.242054631617
h_c = 1.50723585045
epsilon_c = 0.380426887837
r_cusp = 0.034307409192
r_center = 0.242054631617
W_cusp = -1.96790651451e-05
W_center = -0.429202098564
r_max_dens = 0.217342379137
density_max = 1.00614037691
r_max_mag_press = 0.354442557482
mag_pressure_max = 0.00788907523874
r_max_press = 0.217342379137
pressure_max = 0.127848230098
r_max_total_press = 0.222831780762
total_pressure_max = 0.134572151933
r_max_sp_energy = 0.217342379137
specific_internal_energy_max = 0.381203954333
r_max_sp_enth = 0.217342379137
specific_enthalpy_max = 1.50827193911
