energy_density_max = 118.739858334
total_ang_mom_dens_max = 56.9261496895
r_max_energy_density = 0.067720418801
r_max_total_ang_mom_dens = 0.0680787914404
peri_r_max_energy_density = 0.229508759305
peri_r_max_total_ang_mom_dens = 0.230646028649
