p_c = 0.232897549065
mag_p_c = 0.0130967916375
l = 1.20407705118
mag_beta_c = 17.7827941004
r_int = 0.105606579349
r_mb_real = 2.24801519432e-314
l_mb = 1.20407705118
r_c = 0.425139204841
h_c = 1.93159019626
epsilon_c = 0.698692647194
r_cusp = 0.105681957084
r_center = 0.425139204841
W_cusp = -1.66520378321e-05
W_center = -0.685464862983
r_max_dens = 0.394362565379
density_max = 1.00454145616
r_max_mag_press = 0.53478292298
mag_pressure_max = 0.013984532576
r_max_press = 0.394362565379
pressure_max = 0.234308874107
r_max_total_press = 0.401602024796
total_pressure_max = 0.246852372202
r_max_sp_energy = 0.394362565379
specific_internal_energy_max = 0.699748744074
r_max_sp_enth = 0.394362565379
specific_enthalpy_max = 1.93299832543
