p_c = 0.000127079181456
mag_p_c = 0.127079184836
l = 2.00200033169
mag_beta_c = 0.001
r_int = 0.00338976218366
r_mb_real = 2.17257799463e-314
l_mb = 2.00200033169
r_c = 0.0672994897634
h_c = 1.00050825684
epsilon_c = 0.000381192633063
r_cusp = 0.00346525722239
r_center = 0.0672994897634
W_cusp = -0.000816278093025
W_center = -0.508506791543
r_max_dens = 0.00702893797208
density_max = 34.6146960418
r_max_mag_press = 0.00828359877968
mag_pressure_max = 2.91839379226
r_max_press = 0.00702893797208
pressure_max = 0.0143335429589
r_max_total_press = 0.00828359877968
total_pressure_max = 2.93173760025
r_max_sp_energy = 0.00702893797208
specific_internal_energy_max = 0.00124226510106
r_max_sp_enth = 0.00702893797208
specific_enthalpy_max = 1.00165635347
