p_c = 0.0330417186776
mag_p_c = 0.0104487088828
l = 2.45746184609
mag_beta_c = 3.16227766017
r_int = 0.829031973588
r_mb_real = 2.16761792337e-314
l_mb = 2.45746184609
r_c = 2.25402271659
h_c = 1.13216687471
epsilon_c = 0.0991251560328
r_cusp = 0.829230666804
r_center = 2.25402271659
W_cusp = -2.26500975874e-07
W_center = -0.161049175568
r_max_dens = 1.99623588372
density_max = 1.03674570825
r_max_mag_press = 2.2578588534
mag_pressure_max = 0.0104487924632
r_max_press = 1.99623588372
pressure_max = 0.034670408405
r_max_total_press = 2.05010645721
total_pressure_max = 0.0447335843557
r_max_sp_energy = 1.99623588372
specific_internal_energy_max = 0.100324722241
r_max_sp_enth = 1.99623588372
specific_enthalpy_max = 1.13376629632
