p_c = 0.0144856212309
mag_p_c = 2.57594819765e-05
l = 3.57984163105
mag_beta_c = 562.34132519
r_int = 3.1298157959
r_mb_real = 2.18491442646e-314
l_mb = 3.57984163105
r_c = 7.97345443704
h_c = 1.05794248492
epsilon_c = 0.0434568636927
r_cusp = 3.13114819178
r_center = 7.97345443704
W_cusp = -1.16412385532e-08
W_center = -0.0564233645228
r_max_dens = 7.96353593876
density_max = 1.00000450526
r_max_mag_press = 9.02531646043
mag_pressure_max = 2.69408259105e-05
r_max_press = 7.96353593876
pressure_max = 0.0144857082463
r_max_total_press = 7.96353593876
total_pressure_max = 0.0145114432831
r_max_sp_energy = 7.96353593876
specific_internal_energy_max = 0.0434569289541
r_max_sp_enth = 7.96353593876
specific_enthalpy_max = 1.05794257194
