p_c = 0.0227494176892
mag_p_c = 0.000127929376906
l = 3.01685585031
mag_beta_c = 177.827941004
r_int = 1.9462863345
r_mb_real = 2.24208982155e-314
l_mb = 3.01685585031
r_c = 4.91124046632
h_c = 1.09099767076
epsilon_c = 0.0682482530676
r_cusp = 1.94684681898
r_center = 4.91124046632
W_cusp = -1.08759384503e-07
W_center = -0.0875616081841
r_max_dens = 4.89867454516
density_max = 1.00001983863
r_max_mag_press = 5.58840463972
mag_pressure_max = 0.000134130869956
r_max_press = 4.89867454516
pressure_max = 0.0227500194475
r_max_total_press = 4.89867454516
total_pressure_max = 0.0228776929212
r_max_sp_energy = 4.89867454516
specific_internal_energy_max = 0.0682487043819
r_max_sp_enth = 4.89867454516
specific_enthalpy_max = 1.09099827251
