p_c = 0.0568261125246
mag_p_c = 0.000101052705855
l = 0.933434197827
mag_beta_c = 562.34132519
r_int = 0.280238763035
r_mb_real = 2.16780207943e-314
l_mb = 0.933434197827
r_c = 0.812681112752
h_c = 1.2273044501
epsilon_c = 0.170478337574
r_cusp = 0.280351920522
r_center = 0.812681112752
W_cusp = -2.03144424749e-07
W_center = -0.205149608994
r_max_dens = 0.81146044642
density_max = 1.00000383869
r_max_mag_press = 0.996973878298
mag_pressure_max = 0.000108862207431
r_max_press = 0.81146044642
pressure_max = 0.0568264033751
r_max_total_press = 0.81186712588
total_pressure_max = 0.0569273407014
r_max_sp_energy = 0.81146044642
specific_internal_energy_max = 0.170478555711
r_max_sp_enth = 0.81146044642
specific_enthalpy_max = 1.22730474095
