p_c = 0.0861148651352
mag_p_c = 0.0153136291568
l = 2.07228917239
mag_beta_c = 5.6234132519
r_int = 0.124730053336
r_mb_real = 2.16353815852e-314
l_mb = 2.07228917239
r_c = 0.543250843368
h_c = 1.34445946054
epsilon_c = 0.258344595406
r_cusp = 0.124817800284
r_center = 0.543250843368
W_cusp = -4.5658672008e-06
W_center = -0.341552746049
r_max_dens = 0.46284970503
density_max = 1.02778345486
r_max_mag_press = 0.598519886044
mag_pressure_max = 0.0155065544533
r_max_press = 0.46284970503
pressure_max = 0.0893196382233
r_max_total_press = 0.479477878701
total_pressure_max = 0.103634293373
r_max_sp_energy = 0.46284970503
specific_internal_energy_max = 0.260715341741
r_max_sp_enth = 0.46284970503
specific_enthalpy_max = 1.34762045565
