p_c = 0.0102610408843
mag_p_c = 0.0182472535261
l = 2.77730787881
mag_beta_c = 0.56234132519
r_int = 1.45696885537
r_mb_real = 2.24643266649e-314
l_mb = 2.77730787881
r_c = 3.72659081678
h_c = 1.04101131116
epsilon_c = 0.0307584833693
r_cusp = 1.45733674835
r_center = 3.72659081678
W_cusp = -2.07136707115e-07
W_center = -0.110250100147
r_max_dens = 2.92441594789
density_max = 1.22763182218
r_max_mag_press = 3.1674793562
mag_pressure_max = 0.0203490519706
r_max_press = 2.92441594789
pressure_max = 0.0134736499847
r_max_total_press = 3.06485751634
total_pressure_max = 0.0335519257154
r_max_sp_energy = 2.92441594789
specific_internal_energy_max = 0.0329259548539
r_max_sp_enth = 2.92441594789
specific_enthalpy_max = 1.04390127314
