p_c = 0.00386045609544
mag_p_c = 0.0122077420164
l = 3.41421357534
mag_beta_c = 0.316227766017
r_int = 2.78047018589
r_mb_real = 2.18706358831e-314
l_mb = 3.41421357534
r_c = 7.03285949425
h_c = 1.01545903993
epsilon_c = 0.0115942799501
r_cusp = 2.78152120646
r_center = 7.03285949425
W_cusp = -1.86897889679e-07
W_center = -0.0634819577585
r_max_dens = 5.47305017735
density_max = 1.27925448897
r_max_mag_press = 5.850672836
mag_pressure_max = 0.014298471222
r_max_press = 5.47305017735
pressure_max = 0.00536899620789
r_max_total_press = 5.73690397401
total_pressure_max = 0.0195608875775
r_max_sp_energy = 5.47305017735
specific_internal_energy_max = 0.0125909181969
r_max_sp_enth = 5.47305017735
specific_enthalpy_max = 1.01678789093
