p_c = 0.00224057510199
mag_p_c = 0.125996723882
l = 2.00200033169
mag_beta_c = 0.0177827941004
r_int = 0.00338976218366
r_mb_real = 2.16604349031e-314
l_mb = 2.00200033169
r_c = 0.0672994897634
h_c = 1.00896362137
epsilon_c = 0.00672271602925
r_cusp = 0.00346525722239
r_center = 0.0672994897634
W_cusp = -0.000816278093025
W_center = -0.508506791543
r_max_dens = 0.00740142406657
density_max = 28.0085939524
r_max_mag_press = 0.00879442289181
mag_pressure_max = 2.32557216532
r_max_press = 0.00740142406657
pressure_max = 0.190619177371
r_max_total_press = 0.00866631705735
total_pressure_max = 2.50322584232
r_max_sp_energy = 0.00740142406657
specific_internal_energy_max = 0.0204172166973
r_max_sp_enth = 0.00740142406657
specific_enthalpy_max = 1.0272229556
