p_c = 0.577154142506
mag_p_c = 0.0324557625336
l = 0.920446895017
mag_beta_c = 17.7827941004
r_int = 0.0527882972713
r_mb_real = 2.1314282235e-314
l_mb = 0.920446895017
r_c = 0.34546691412
h_c = 3.30861657002
epsilon_c = 1.73146242752
r_cusp = 0.0528814318956
r_center = 0.34546691412
W_cusp = -0.000170539759153
W_center = -1.23576801229
r_max_dens = 0.327345004948
density_max = 1.00286358875
r_max_mag_press = 0.389383272997
mag_pressure_max = 0.0335405694115
r_max_press = 0.327345004948
pressure_max = 0.579358836368
r_max_total_press = 0.33200312269
total_pressure_max = 0.610925686711
r_max_sp_energy = 0.327345004948
specific_internal_energy_max = 1.73311358455
r_max_sp_enth = 0.327345004948
specific_enthalpy_max = 3.31081811273
