p_c = 8.8540217094e-05
mag_p_c = 0.0279988725436
l = 2.7590527171
mag_beta_c = 0.00316227766017
r_int = 1.42010048383
r_mb_real = 2.13229638775e-314
l_mb = 2.7590527171
r_c = 3.63881527247
h_c = 1.00035436262
epsilon_c = 0.000265771964625
r_cusp = 1.42045612549
r_center = 3.63881527247
W_cusp = -9.72712682871e-08
W_center = -0.112373893767
r_max_dens = 2.55593573475
density_max = 1.64542707029
r_max_mag_press = 2.72286869594
mag_pressure_max = 0.0415619341498
r_max_press = 2.55593573475
pressure_max = 0.000172124175345
r_max_total_press = 2.72134371599
total_pressure_max = 0.0417292392114
r_max_sp_energy = 2.55593573475
specific_internal_energy_max = 0.000313822797351
r_max_sp_enth = 2.55593573475
specific_enthalpy_max = 1.0004184304
