p_c = 0.0106287698451
mag_p_c = 0.00189009225696
l = 3.79687967765
mag_beta_c = 5.6234132519
r_int = 3.58553996203
r_mb_real = 2.13789392227e-314
l_mb = 3.79687967765
r_c = 9.24084455661
h_c = 1.04251507938
epsilon_c = 0.0318863095353
r_cusp = 3.58732545471
r_center = 9.24084455661
W_cusp = -1.90610108503e-07
W_center = -0.0488881868661
r_max_dens = 8.69747774074
density_max = 1.01072265144
r_max_mag_press = 9.65049277371
mag_pressure_max = 0.00190209176863
r_max_press = 8.69747774074
pressure_max = 0.0107809988923
r_max_total_press = 8.81546099358
total_pressure_max = 0.0126214335956
r_max_sp_energy = 8.69747774074
specific_internal_energy_max = 0.0319998731905
r_max_sp_enth = 8.69747774074
specific_enthalpy_max = 1.04266649759
