p_c = 0.0125275251638
mag_p_c = 0.125275716125
l = 2.00063426218
mag_beta_c = 0.1
r_int = 0.00111541391944
r_mb_real = 2.15945029889e-314
l_mb = 2.00063426218
r_c = 0.0368867500569
h_c = 1.0501013393
epsilon_c = 0.0375760044754
r_cusp = 0.00119989331725
r_center = 0.0368867500569
W_cusp = -0.0051021124477
W_center = -0.525998006927
r_max_dens = 0.00294419760951
density_max = 26.4788017036
r_max_mag_press = 0.00371855541892
mag_pressure_max = 2.00745449951
r_max_press = 0.00294419760951
pressure_max = 0.988466148051
r_max_total_press = 0.00345877779824
total_pressure_max = 2.9320012638
r_max_sp_energy = 0.00294419760951
specific_internal_energy_max = 0.111991414013
r_max_sp_enth = 0.00294419760951
specific_enthalpy_max = 1.14932188535
