p_c = 0.0172313526537
mag_p_c = 0.0968994067736
l = 2.02000000769
mag_beta_c = 0.177827941004
r_int = 0.0342292645894
r_mb_real = 2.23184184078e-314
l_mb = 2.02000000769
r_c = 0.242054631617
h_c = 1.068915732
epsilon_c = 0.0516867990036
r_cusp = 0.034307409192
r_center = 0.242054631617
W_cusp = -1.96790651451e-05
W_center = -0.429202098564
r_max_dens = 0.0823570441417
density_max = 3.34090755794
r_max_mag_press = 0.0993757898816
mag_pressure_max = 0.239494587922
r_max_press = 0.0823570441417
pressure_max = 0.0860446748795
r_max_total_press = 0.0940550780205
total_pressure_max = 0.320747430275
r_max_sp_energy = 0.0823570441417
specific_internal_energy_max = 0.0772646414669
r_max_sp_enth = 0.0823570441417
specific_enthalpy_max = 1.10301952196
