p_c = 0.0014760303068
mag_p_c = 0.0262479506612
l = 2.77730787881
mag_beta_c = 0.056234132519
r_int = 1.45696885537
r_mb_real = 2.18728821822e-314
l_mb = 2.77730787881
r_c = 3.72659081678
h_c = 1.00590346331
epsilon_c = 0.00442759748137
r_cusp = 1.45733674835
r_center = 3.72659081678
W_cusp = -2.07136707115e-07
W_center = -0.110250100147
r_max_dens = 2.66330672037
density_max = 1.56056094751
r_max_mag_press = 2.84208287532
mag_pressure_max = 0.0369034131332
r_max_press = 2.66330672037
pressure_max = 0.00267139673359
r_max_total_press = 2.82904484773
total_pressure_max = 0.0395033507827
r_max_sp_energy = 2.66330672037
specific_internal_energy_max = 0.005135454795
r_max_sp_enth = 2.66330672037
specific_enthalpy_max = 1.00684727306
