p_c = 0.0691516460706
mag_p_c = 0.000691516460706
l = 2.20000000981
mag_beta_c = 100.0
r_int = 0.351018639411
r_mb_real = 2.15073425363e-314
l_mb = 2.20000000981
r_c = 1.13078114698
h_c = 1.27660658428
epsilon_c = 0.207454938212
r_cusp = 0.351134497411
r_center = 1.13078114698
W_cusp = -7.26960105002e-08
W_center = -0.246372184676
r_max_dens = 1.12176558606
density_max = 1.00009488213
r_max_mag_press = 1.37498412931
mag_pressure_max = 0.000741086816419
r_max_press = 1.12176558606
pressure_max = 0.0691603945493
r_max_total_press = 1.12401150103
total_pressure_max = 0.0698482451332
r_max_sp_energy = 1.12176558606
specific_internal_energy_max = 0.20746149926
r_max_sp_enth = 1.12176558606
specific_enthalpy_max = 1.27661533235
