p_c = 0.606835770258
mag_p_c = 0.0034124883122
l = 0.920446895017
mag_beta_c = 177.827941004
r_int = 0.0527882972713
r_mb_real = 2.18198411917e-314
l_mb = 0.920446895017
r_c = 0.34546691412
h_c = 3.42734308103
epsilon_c = 1.82050731077
r_cusp = 0.0528814318956
r_center = 0.34546691412
W_cusp = -0.000170539759153
W_center = -1.23576801229
r_max_dens = 0.34379828902
density_max = 1.00002926595
r_max_mag_press = 0.400438137462
mag_pressure_max = 0.003601558684
r_max_press = 0.34379828902
pressure_max = 0.606859449871
r_max_total_press = 0.344036401667
total_pressure_max = 0.610261451534
r_max_sp_energy = 0.34379828902
specific_internal_energy_max = 1.82052507022
r_max_sp_enth = 0.34379828902
specific_enthalpy_max = 3.4273667603
