p_c = 0.000308997866782
mag_p_c = 0.308997857559
l = 0.920446895017
mag_beta_c = 0.001
r_int = 0.0527882972713
r_mb_real = 2.12748202238e-314
l_mb = 0.920446895017
r_c = 0.34546691412
h_c = 1.00123605871
epsilon_c = 0.000927044031515
r_cusp = 0.0528814318956
r_center = 0.34546691412
W_cusp = -0.000170539759153
W_center = -1.23576801229
r_max_dens = 0.0824674254584
density_max = 10.3394580882
r_max_mag_press = 0.0897053709493
mag_pressure_max = 2.41825299164
r_max_press = 0.0824674254584
pressure_max = 0.00696066424619
r_max_total_press = 0.0897053709493
total_pressure_max = 2.4249279282
r_max_sp_energy = 0.0824674254584
specific_internal_energy_max = 0.002019640929
r_max_sp_enth = 0.0824674254584
specific_enthalpy_max = 1.00269285457
