p_c = 0.000151158416344
mag_p_c = 0.047800489025
l = 2.33944440272
mag_beta_c = 0.00316227766017
r_int = 0.606502586307
r_mb_real = 2.14840903051e-314
l_mb = 2.33944440272
r_c = 1.73694263792
h_c = 1.00060460024
epsilon_c = 0.000453450177452
r_cusp = 0.606658435128
r_center = 1.73694263792
W_cusp = -1.20715454827e-07
W_center = -0.191680278022
r_max_dens = 1.10835853178
density_max = 1.90372628975
r_max_mag_press = 1.19691739875
mag_pressure_max = 0.0797708228561
r_max_press = 1.10835853178
pressure_max = 0.00035662051874
r_max_total_press = 1.19637978511
total_pressure_max = 0.0801150067701
r_max_sp_energy = 1.10835853178
specific_internal_energy_max = 0.000561982865909
r_max_sp_enth = 1.10835853178
specific_enthalpy_max = 1.00074931049
