r_H = 0.73466234095
W_H = 0.0
M_H = 1.0
J_H = 0.930090216698
M_ADM = 1.0
J_ADM = 0.930090216698
M_SF = 0.0
J_SF = 0.0
m = 1.0
a_star = 0.930090216698
a_star_H = 0.930090216698
l_k_H = 2.52880916521
l_k_ADM = 2.52880916521
l = 2.52880916553
rho_c = 1.0
gamma = 1.33333333333
q = 1.33333333333
mag_beta_c = 3162.27766017
v_H = 0.680223077468
a_eq = 0.930090216698
