p_c = 0.012949974883
mag_p_c = 0.00431786367062
l = 3.34362297106
mag_beta_c = 2.99916251899
r_int = 2.63112578028
r_mb_real = 2.23199968883e-314
l_mb = 3.34362297106
r_c = 6.64335483975
h_c = 1.05179989953
epsilon_c = 0.0388499246491
r_cusp = 2.63207141002
r_center = 6.64335483975
W_cusp = -1.62090519301e-07
W_center = -0.066923742645
r_max_dens = 6.01582377243
density_max = 1.03066227647
r_max_mag_press = 6.62915278574
mag_pressure_max = 0.00431791144466
r_max_press = 6.01582377243
pressure_max = 0.0134820965694
r_max_total_press = 6.14791539045
total_pressure_max = 0.0176781565482
r_max_sp_energy = 6.01582377243
specific_internal_energy_max = 0.0392430096955
r_max_sp_enth = 6.01582377243
specific_enthalpy_max = 1.05232401293
