p_c = 0.0447538884275
mag_p_c = 0.00795849183099
l = 2.33944440272
mag_beta_c = 5.6234132519
r_int = 0.606502586307
r_mb_real = 2.21719637537e-314
l_mb = 2.33944440272
r_c = 1.73694263792
h_c = 1.17901555371
epsilon_c = 0.134261665283
r_cusp = 0.606658435128
r_center = 1.73694263792
W_cusp = -1.20715454827e-07
W_center = -0.191680278022
r_max_dens = 1.59027398805
density_max = 1.01632956468
r_max_mag_press = 1.83975459836
mag_pressure_max = 0.00802479094889
r_max_press = 1.59027398805
pressure_max = 0.0457309461867
r_max_total_press = 1.6221234114
total_pressure_max = 0.0533777053535
r_max_sp_energy = 1.59027398805
specific_internal_energy_max = 0.134988534553
r_max_sp_enth = 1.59027398805
specific_enthalpy_max = 1.17998471274
