p_c = 0.0224773732512
mag_p_c = 0.000399710500444
l = 3.01685585031
mag_beta_c = 56.234132519
r_int = 1.9462863345
r_mb_real = 2.24116297021e-314
l_mb = 3.01685585031
r_c = 4.91124046632
h_c = 1.089909493
epsilon_c = 0.0674321197536
r_cusp = 1.94684681898
r_center = 4.91124046632
W_cusp = -1.08759384503e-07
W_center = -0.0875616081841
r_max_dens = 4.86958600621
density_max = 1.00017953767
r_max_mag_press = 5.54600454146
mag_pressure_max = 0.00041703151209
r_max_press = 4.86958600621
pressure_max = 0.0224827541258
r_max_total_press = 4.87786408234
total_pressure_max = 0.0228802005914
r_max_sp_energy = 4.86958600621
specific_internal_energy_max = 0.0674361550473
r_max_sp_enth = 4.86958600621
specific_enthalpy_max = 1.0899148734
