p_c = 0.000160890982721
mag_p_c = 0.0904756436995
l = 1.06402371083
mag_beta_c = 0.00177827941004
r_int = 0.132875451826
r_mb_real = 2.22155136246e-314
l_mb = 1.06402371083
r_c = 0.470297980931
h_c = 1.00064368174
epsilon_c = 0.000482761305305
r_cusp = 0.132960228361
r_center = 0.470297980931
W_cusp = -1.97717356487e-06
W_center = -0.362379455778
r_max_dens = 0.240216852407
density_max = 2.72900639341
r_max_mag_press = 0.264515890952
mag_pressure_max = 0.205029217113
r_max_press = 0.240216852407
pressure_max = 0.000613729643195
r_max_total_press = 0.264329903311
total_pressure_max = 0.205615220089
r_max_sp_energy = 0.240216852407
specific_internal_energy_max = 0.000674673732547
r_max_sp_enth = 0.240216852407
specific_enthalpy_max = 1.00089956498
