p_c = 0.162796454808
mag_p_c = 0.00289497583569
l = 2.00200033169
mag_beta_c = 56.234132519
r_int = 0.00338976218366
r_mb_real = 2.22091997028e-314
l_mb = 2.00200033169
r_c = 0.0672994897634
h_c = 1.6511858198
epsilon_c = 0.488389364849
r_cusp = 0.00346525722239
r_center = 0.0672994897634
W_cusp = -0.000816278093025
W_center = -0.508506791543
r_max_dens = 0.0602231995044
density_max = 1.00197761199
r_max_mag_press = 0.214333248058
mag_pressure_max = 0.00423722808778
r_max_press = 0.0602231995044
pressure_max = 0.163225860717
r_max_total_press = 0.061870777148
total_pressure_max = 0.165943360364
r_max_sp_energy = 0.0602231995044
specific_internal_energy_max = 0.488711101216
r_max_sp_enth = 0.0602231995044
specific_enthalpy_max = 1.65161480162
