p_c = 0.034822563819
mag_p_c = 0.000110118615635
l = 2.62211129261
mag_beta_c = 316.227766017
r_int = 1.14806422021
r_mb_real = 2.15179871609e-314
l_mb = 2.62211129261
r_c = 2.99830015116
h_c = 1.13929025528
epsilon_c = 0.104467691457
r_cusp = 1.14833915964
r_center = 2.99830015116
W_cusp = -1.99954178118e-07
W_center = -0.130792107242
r_max_dens = 2.99256674991
density_max = 1.00000754284
r_max_mag_press = 3.4615206154
mag_pressure_max = 0.000116214301166
r_max_press = 2.99256674991
pressure_max = 0.0348229140343
r_max_total_press = 2.99447580489
total_pressure_max = 0.0349328890522
r_max_sp_energy = 2.99256674991
specific_internal_energy_max = 0.104467954118
r_max_sp_enth = 2.99256674991
specific_enthalpy_max = 1.13929060549
