p_c = 0.000899584731827
mag_p_c = 0.0505873931654
l = 0.933434197827
mag_beta_c = 0.0177827941004
r_int = 0.280238763035
r_mb_real = 2.18033278577e-314
l_mb = 0.933434197827
r_c = 0.812681112752
h_c = 1.00359717168
epsilon_c = 0.00269787876147
r_cusp = 0.280351920522
r_center = 0.812681112752
W_cusp = -2.03144424749e-07
W_center = -0.205149608994
r_max_dens = 0.508743122303
density_max = 1.95733969086
r_max_mag_press = 0.549899980207
mag_pressure_max = 0.0863143683503
r_max_press = 0.508743122303
pressure_max = 0.00220162058826
r_max_total_press = 0.548797365029
total_pressure_max = 0.0884394524329
r_max_sp_energy = 0.508743122303
specific_internal_energy_max = 0.00337440751631
r_max_sp_enth = 0.508743122303
specific_enthalpy_max = 1.00449921002
