p_c = 2.43279324177e-05
mag_p_c = 0.136806017016
l = 1.15912817057
mag_beta_c = 0.000177827941004
r_int = 0.116622670216
r_mb_real = 2.15716554962e-314
l_mb = 1.15912817057
r_c = 0.451770692735
h_c = 1.0000973205
epsilon_c = 7.29903768234e-05
r_cusp = 0.116699760684
r_center = 0.451770692735
W_cusp = -1.18145045768e-06
W_center = -0.547317460947
r_max_dens = 0.198044069722
density_max = 3.6988034886
r_max_mag_press = 0.218288538344
mag_pressure_max = 0.407668145051
r_max_press = 0.198044069722
pressure_max = 0.000139178583652
r_max_total_press = 0.218288538344
total_pressure_max = 0.407800623004
r_max_sp_energy = 0.198044069722
specific_internal_energy_max = 0.000112884004853
r_max_sp_enth = 0.198044069722
specific_enthalpy_max = 1.00015051201
