p_c = 0.000273267703188
mag_p_c = 0.027326773944
l = 2.77730787881
mag_beta_c = 0.01
r_int = 1.45696885537
r_mb_real = 2.15830084133e-314
l_mb = 2.77730787881
r_c = 3.72659081678
h_c = 1.00109277195
epsilon_c = 0.000819578962939
r_cusp = 1.45733674835
r_center = 3.72659081678
W_cusp = -2.07136707115e-07
W_center = -0.110250100147
r_max_dens = 2.62749707402
density_max = 1.63029624623
r_max_mag_press = 2.7985178904
mag_pressure_max = 0.0401754062854
r_max_press = 2.62749707402
pressure_max = 0.000524145666388
r_max_total_press = 2.79692807343
total_pressure_max = 0.0406850314085
r_max_sp_energy = 2.62749707402
specific_internal_energy_max = 0.000964509979582
r_max_sp_enth = 2.62749707402
specific_enthalpy_max = 1.00128601331
