p_c = 0.444893413919
mag_p_c = 0.148339215065
l = 0.920446895017
mag_beta_c = 2.99916251899
r_int = 0.0527882972713
r_mb_real = 2.16943519958e-314
l_mb = 0.920446895017
r_c = 0.34546691412
h_c = 2.77957365568
epsilon_c = 1.33468024176
r_cusp = 0.0528814318956
r_center = 0.34546691412
W_cusp = -0.000170539759153
W_center = -1.23576801229
r_max_dens = 0.216665606665
density_max = 1.09368269818
r_max_mag_press = 0.333641500378
mag_pressure_max = 0.148606504128
r_max_press = 0.216665606665
pressure_max = 0.501315461097
r_max_total_press = 0.255135420124
total_pressure_max = 0.633014406388
r_max_sp_energy = 0.216665606665
specific_internal_energy_max = 1.37512130876
r_max_sp_enth = 0.216665606665
specific_enthalpy_max = 2.83349507835
