p_c = 0.000180854547174
mag_p_c = 0.0321609956496
l = 2.6324555397
mag_beta_c = 0.0056234132519
r_int = 1.16843707618
r_mb_real = 2.23063167244e-314
l_mb = 2.6324555397
r_c = 3.04476918435
h_c = 1.00072314476
epsilon_c = 0.000542358568926
r_cusp = 1.16871754501
r_center = 3.04476918435
W_cusp = -2.16289985962e-07
W_center = -0.12922531663
r_max_dens = 2.10406778744
density_max = 1.68811100641
r_max_mag_press = 2.24717291588
mag_pressure_max = 0.0486615593502
r_max_press = 2.10406778744
pressure_max = 0.000363338868708
r_max_total_press = 2.24601547446
total_pressure_max = 0.0490142325932
r_max_sp_energy = 2.10406778744
specific_internal_energy_max = 0.000645701972197
r_max_sp_enth = 2.10406778744
specific_enthalpy_max = 1.00086093596
