p_c = 0.0661597206924
mag_p_c = 0.0372043450084
l = 2.0632455533
mag_beta_c = 1.77827941004
r_int = 0.108958294315
r_mb_real = 2.22294163947e-314
l_mb = 2.0632455533
r_c = 0.496955955548
h_c = 1.26463888277
epsilon_c = 0.198479162077
r_cusp = 0.109044255896
r_center = 0.496955955548
W_cusp = -3.43793665531e-06
W_center = -0.352462403606
r_max_dens = 0.347669108556
density_max = 1.16138496181
r_max_mag_press = 0.434813833997
mag_pressure_max = 0.038161305115
r_max_press = 0.347669108556
pressure_max = 0.0807660036213
r_max_total_press = 0.372069095407
total_pressure_max = 0.116807930329
r_max_sp_energy = 0.347669108556
specific_internal_energy_max = 0.208628507198
r_max_sp_enth = 0.347669108556
specific_enthalpy_max = 1.27817134293
