p_c = 0.131659390444
mag_p_c = 0.00234127183166
l = 2.02000000769
mag_beta_c = 56.234132519
r_int = 0.0342292645894
r_mb_real = 2.19723466875e-314
l_mb = 2.02000000769
r_c = 0.242054631617
h_c = 1.52663756178
epsilon_c = 0.394978171333
r_cusp = 0.034307409192
r_center = 0.242054631617
W_cusp = -1.96790651451e-05
W_center = -0.429202098564
r_max_dens = 0.233166044196
density_max = 1.00068559727
r_max_mag_press = 0.390659604922
mag_pressure_max = 0.00272690450507
r_max_press = 0.233166044196
pressure_max = 0.131779757953
r_max_total_press = 0.235375690153
total_pressure_max = 0.134069891675
r_max_sp_energy = 0.233166044196
specific_internal_energy_max = 0.395068416031
r_max_sp_enth = 0.233166044196
specific_enthalpy_max = 1.52675788804
