p_c = 5.00253095606e-05
mag_p_c = 0.0158193915104
l = 3.41421357534
mag_beta_c = 0.00316227766017
r_int = 2.78047018589
r_mb_real = 2.24957343784e-314
l_mb = 3.41421357534
r_c = 7.03285949425
h_c = 1.00020015475
epsilon_c = 0.000150116065455
r_cusp = 2.78152120646
r_center = 7.03285949425
W_cusp = -1.86897889679e-07
W_center = -0.0634819577585
r_max_dens = 5.13217343093
density_max = 1.5287792727
r_max_mag_press = 5.43456630811
mag_pressure_max = 0.0221446594649
r_max_press = 5.13217343093
pressure_max = 8.81328221921e-05
r_max_total_press = 5.43456630811
total_pressure_max = 0.0222306643204
r_max_sp_energy = 5.13217343093
specific_internal_energy_max = 0.000172947443295
r_max_sp_enth = 5.13217343093
specific_enthalpy_max = 1.00023059659
