p_c = 0.000156492661718
mag_p_c = 0.0880022874594
l = 2.0632455533
mag_beta_c = 0.00177827941004
r_int = 0.108958294315
r_mb_real = 2.24768533238e-314
l_mb = 2.0632455533
r_c = 0.496955955548
h_c = 1.00062605541
epsilon_c = 0.000469541554319
r_cusp = 0.109044255896
r_center = 0.496955955548
W_cusp = -3.43793665531e-06
W_center = -0.352462403606
r_max_dens = 0.214512386415
density_max = 3.30775218525
r_max_mag_press = 0.241759646472
mag_pressure_max = 0.232753087805
r_max_press = 0.214512386415
pressure_max = 0.000771405976003
r_max_total_press = 0.241759646472
total_pressure_max = 0.233483365217
r_max_sp_energy = 0.214512386415
specific_internal_energy_max = 0.000699634615413
r_max_sp_enth = 0.214512386415
specific_enthalpy_max = 1.00093284615
