p_c = 3.78285317953e-05
mag_p_c = 0.119624320602
l = 2.0063246157
mag_beta_c = 0.000316227766017
r_int = 0.0107871365282
r_mb_real = 2.15879866978e-314
l_mb = 2.0063246157
r_c = 0.125291558349
h_c = 1.00015132187
epsilon_c = 0.000113491402356
r_cusp = 0.0108630832391
r_center = 0.125291558349
W_cusp = -0.000132988643512
W_center = -0.478600677313
r_max_dens = 0.0222630635579
density_max = 13.7012210876
r_max_mag_press = 0.025880132497
mag_pressure_max = 1.13882055702
r_max_press = 0.0222630635579
pressure_max = 0.00124030400886
r_max_total_press = 0.025880132497
total_pressure_max = 1.13997836923
r_max_sp_energy = 0.0222630635579
specific_internal_energy_max = 0.000271575212369
r_max_sp_enth = 0.0222630635579
specific_enthalpy_max = 1.00036210028
