p_c = 0.0429214258522
mag_p_c = 0.000763262878425
l = 2.45746184609
mag_beta_c = 56.234132519
r_int = 0.829031973588
r_mb_real = 2.23095748699e-314
l_mb = 2.45746184609
r_c = 2.25402271659
h_c = 1.17168570341
epsilon_c = 0.128764277557
r_cusp = 0.829230666804
r_center = 2.25402271659
W_cusp = -2.26500975874e-07
W_center = -0.161049175568
r_max_dens = 2.23121978695
density_max = 1.00020470524
r_max_mag_press = 2.60492190638
mag_pressure_max = 0.000803283473642
r_max_press = 2.23121978695
pressure_max = 0.0429331412395
r_max_total_press = 2.23751739556
total_pressure_max = 0.0436913402577
r_max_sp_energy = 2.23121978695
specific_internal_energy_max = 0.128773063198
r_max_sp_enth = 2.23121978695
specific_enthalpy_max = 1.1716974176
