energy_density_max = 31.3858871788
total_ang_mom_dens_max = 17.7951500529
r_max_energy_density = 0.202210308432
r_max_total_ang_mom_dens = 0.203581410506
peri_r_max_energy_density = 0.872225421833
peri_r_max_total_ang_mom_dens = 0.872940480436
