p_c = 0.0392404863662
mag_p_c = 0.000220665471042
l = 2.52880916553
mag_beta_c = 177.827941004
r_int = 0.966033528906
r_mb_real = 2.23787244558e-314
l_mb = 2.52880916553
r_c = 2.57240468623
h_c = 1.15696194546
epsilon_c = 0.117721459098
r_cusp = 0.966262655112
r_center = 2.57240468623
W_cusp = -1.25471527368e-07
W_center = -0.146560470472
r_max_dens = 2.56475904861
density_max = 1.00001751678
r_max_mag_press = 2.98279292868
mag_pressure_max = 0.0002331731117
r_max_press = 2.56475904861
pressure_max = 0.0392414028579
r_max_total_press = 2.5678128314
total_pressure_max = 0.0394616294682
r_max_sp_energy = 2.56475904861
specific_internal_energy_max = 0.117722146461
r_max_sp_enth = 2.56475904861
specific_enthalpy_max = 1.15696286195
