p_c = 2.33794400481e-05
mag_p_c = 0.131472252317
l = 2.00063426218
mag_beta_c = 0.000177827941004
r_int = 0.00111541391944
r_mb_real = 2.23173256137e-314
l_mb = 2.00063426218
r_c = 0.0368867500569
h_c = 1.00009352926
epsilon_c = 7.01469439405e-05
r_cusp = 0.00119989331725
r_center = 0.0368867500569
W_cusp = -0.0051021124477
W_center = -0.525998006927
r_max_dens = 0.00219271785158
density_max = 96.6083539818
r_max_mag_press = 0.00269026088714
mag_pressure_max = 8.19850886078
r_max_press = 0.00219271785158
pressure_max = 0.0103655306993
r_max_total_press = 0.00269026088714
total_pressure_max = 8.20798328151
r_max_sp_energy = 0.00219271785158
specific_internal_energy_max = 0.000321883054789
r_max_sp_enth = 0.00219271785158
specific_enthalpy_max = 1.00042917741
