p_c = 0.000256792075978
mag_p_c = 0.0456647985584
l = 2.36711935577
mag_beta_c = 0.0056234132519
r_int = 0.658272243274
r_mb_real = 2.25257457439e-314
l_mb = 2.36711935577
r_c = 1.856947682
h_c = 1.00102754203
epsilon_c = 0.000770656519458
r_cusp = 0.658437408234
r_center = 1.856947682
W_cusp = -3.6073961847e-07
W_center = -0.183565101352
r_max_dens = 1.20052338422
density_max = 1.86343408676
r_max_mag_press = 1.29457525689
mag_pressure_max = 0.0748597410183
r_max_press = 1.20052338422
pressure_max = 0.000589129781082
r_max_total_press = 1.29340605326
total_pressure_max = 0.0754288208243
r_max_sp_energy = 1.20052338422
specific_internal_energy_max = 0.000948458201876
r_max_sp_enth = 1.20052338422
specific_enthalpy_max = 1.00126461094
