p_c = 0.121642358525
mag_p_c = 0.0121642358525
l = 2.02000000769
mag_beta_c = 10.0
r_int = 0.0342292645894
r_mb_real = 2.17626718677e-314
l_mb = 2.02000000769
r_c = 0.242054631617
h_c = 1.4865694341
epsilon_c = 0.364927075575
r_cusp = 0.034307409192
r_center = 0.242054631617
W_cusp = -1.96790651451e-05
W_center = -0.429202098564
r_max_dens = 0.203083082678
density_max = 1.0172582937
r_max_mag_press = 0.323099624523
mag_pressure_max = 0.0129223174457
r_max_press = 0.203083082678
pressure_max = 0.124449498604
r_max_total_press = 0.211132298262
total_pressure_max = 0.135608738479
r_max_sp_energy = 0.203083082678
specific_internal_energy_max = 0.367014452597
r_max_sp_enth = 0.203083082678
specific_enthalpy_max = 1.48935260346
