p_c = 0.153300314072
mag_p_c = 0.000153300314072
l = 2.0063246157
mag_beta_c = 1000.0
r_int = 0.0107871365282
r_mb_real = 2.18698264059e-314
l_mb = 2.0063246157
r_c = 0.125291558349
h_c = 1.61320125629
epsilon_c = 0.459900942215
r_cusp = 0.0108630832391
r_center = 0.125291558349
W_cusp = -0.000132988643512
W_center = -0.478600677313
r_max_dens = 0.124955375617
density_max = 1.00000277769
r_max_mag_press = 0.294420847139
mag_pressure_max = 0.000205859061922
r_max_press = 0.124955375617
pressure_max = 0.153300881834
r_max_total_press = 0.124955375617
total_pressure_max = 0.153453897889
r_max_sp_energy = 0.124955375617
specific_internal_energy_max = 0.459901368036
r_max_sp_enth = 0.124955375617
specific_enthalpy_max = 1.61320182405
