p_c = 0.0056490711193
mag_p_c = 0.0317671593577
l = 2.52880916553
mag_beta_c = 0.177827941004
r_int = 0.966033528906
r_mb_real = 2.21644153793e-314
l_mb = 2.52880916553
r_c = 2.57240468623
h_c = 1.02258918763
epsilon_c = 0.0169418907226
r_cusp = 0.966262655112
r_center = 2.57240468623
W_cusp = -1.25471527368e-07
W_center = -0.146560470472
r_max_dens = 1.83256452394
density_max = 1.48824999123
r_max_mag_press = 1.97724567385
mag_pressure_max = 0.0420912060066
r_max_press = 1.83256452394
pressure_max = 0.00959466169006
r_max_total_press = 1.94778358
total_pressure_max = 0.0514253779936
r_max_sp_energy = 1.83256452394
specific_internal_energy_max = 0.0193408266352
r_max_sp_enth = 1.83256452394
specific_enthalpy_max = 1.02578776885
