p_c = 0.0104402479199
mag_p_c = 0.000587098285059
l = 4.00000004098
mag_beta_c = 17.7827941004
r_int = 4.00057264731
r_mb_real = 2.22914830555e-314
l_mb = 4.00000004098
r_c = 10.4737134106
h_c = 1.04176099168
epsilon_c = 0.0313207437597
r_cusp = 4.0028738386
r_center = 10.4737134106
W_cusp = -2.47121804138e-07
W_center = -0.0431667957205
r_max_dens = 10.2297369594
density_max = 1.00138854823
r_max_mag_press = 11.4928258508
mag_pressure_max = 0.000602712323648
r_max_press = 10.2297369594
pressure_max = 0.010459581442
r_max_total_press = 10.2937177562
total_pressure_max = 0.0110389812449
r_max_sp_energy = 10.2297369594
specific_internal_energy_max = 0.0313352338428
r_max_sp_enth = 10.2297369594
specific_enthalpy_max = 1.04178031179
