p_c = 0.244795057537
mag_p_c = 0.00137658377055
l = 1.20407705118
mag_beta_c = 177.827941004
r_int = 0.105606579349
r_mb_real = 2.17090642431e-314
l_mb = 1.20407705118
r_c = 0.425139204841
h_c = 1.97918023015
epsilon_c = 0.734385172611
r_cusp = 0.105681957084
r_center = 0.425139204841
W_cusp = -1.66520378321e-05
W_center = -0.685464862983
r_max_dens = 0.42150056712
density_max = 1.00005417456
r_max_mag_press = 0.569893700526
mag_pressure_max = 0.00153530591059
r_max_press = 0.42150056712
pressure_max = 0.244812739915
r_max_total_press = 0.422538067338
total_pressure_max = 0.246181844975
r_max_sp_energy = 0.42150056712
specific_internal_energy_max = 0.734398434036
r_max_sp_enth = 0.42150056712
specific_enthalpy_max = 1.97919791205
