p_c = 0.0108352561228
mag_p_c = 0.000192681128658
l = 4.00000004098
mag_beta_c = 56.234132519
r_int = 4.00057264731
r_mb_real = 2.13683957828e-314
l_mb = 4.00000004098
r_c = 10.4737134106
h_c = 1.04334102449
epsilon_c = 0.0325057683685
r_cusp = 4.0028738386
r_center = 10.4737134106
W_cusp = -2.47121804138e-07
W_center = -0.0431667957205
r_max_dens = 10.3911501545
density_max = 1.00015649072
r_max_mag_press = 11.7365101641
mag_pressure_max = 0.00020007232733
r_max_press = 10.3911501545
pressure_max = 0.0108375170046
r_max_total_press = 10.4075621588
total_pressure_max = 0.0110292458797
r_max_sp_energy = 10.3911501545
specific_internal_energy_max = 0.0325074638972
r_max_sp_enth = 10.3911501545
specific_enthalpy_max = 1.0433432852
