p_c = 1.27114551761e-11
mag_p_c = 0.127114551761
l = 2.00200033169
mag_beta_c = 1e-10
r_int = 0.00338976218366
r_mb_real = 2.13536228247e-314
l_mb = 2.00200033169
r_c = 0.0672994897634
h_c = 1.00000000005
epsilon_c = 3.81380093634e-11
r_cusp = 0.00346525722239
r_center = 0.0672994897634
W_cusp = -0.000816278093025
W_center = -0.508506791543
r_max_dens = 0.00702893797208
density_max = 35.092631411
r_max_mag_press = 0.00828359877968
mag_pressure_max = 2.96114201561
r_max_press = 0.00702893797208
pressure_max = 1.46062426596e-09
r_max_total_press = 0.00828359877968
total_pressure_max = 2.96114201697
r_max_sp_energy = 0.00702893797208
specific_internal_energy_max = 1.24865894112e-10
r_max_sp_enth = 0.00702893797208
specific_enthalpy_max = 1.00000000017
