p_c = 0.163726465898
mag_p_c = 0.00920701574898
l = 2.00063426218
mag_beta_c = 17.7827941004
r_int = 0.00111541391944
r_mb_real = 2.18926131878e-314
l_mb = 2.00063426218
r_c = 0.0368867500569
h_c = 1.6549058762
epsilon_c = 0.491179407153
r_cusp = 0.00119989331725
r_center = 0.0368867500569
W_cusp = -0.0051021124477
W_center = -0.525998006927
r_max_dens = 0.0233252708551
density_max = 1.02509946488
r_max_mag_press = 0.12632526577
mag_pressure_max = 0.0129186475361
r_max_press = 0.0233252708551
pressure_max = 0.169228527049
r_max_total_press = 0.0254203691898
total_pressure_max = 0.176447699487
r_max_sp_energy = 0.0233252708551
specific_internal_energy_max = 0.495254946999
r_max_sp_enth = 0.0233252708551
specific_enthalpy_max = 1.66033992933
