p_c = 0.101213078586
mag_p_c = 0.000569162967385
l = 2.07228917239
mag_beta_c = 177.827941004
r_int = 0.124730053336
r_mb_real = 2.2307551177e-314
l_mb = 2.07228917239
r_c = 0.543250843368
h_c = 1.40485231434
epsilon_c = 0.303639235758
r_cusp = 0.124817800284
r_center = 0.543250843368
W_cusp = -4.5658672008e-06
W_center = -0.341552746049
r_max_dens = 0.539568362741
density_max = 1.00004114083
r_max_mag_press = 0.731255262384
mag_pressure_max = 0.000631040667636
r_max_press = 0.539568362741
pressure_max = 0.101218630611
r_max_total_press = 0.540487206711
total_pressure_max = 0.101785368551
r_max_sp_energy = 0.539568362741
specific_internal_energy_max = 0.303643399691
r_max_sp_enth = 0.539568362741
specific_enthalpy_max = 1.40485786626
