r_H = 0.0894203556244
W_H = 0.0
M_H = 1.0
J_H = 0.999
M_ADM = 1.0
J_ADM = 0.999
M_SF = 0.0
J_SF = 0.0
m = 1.0
a_star = 0.999
a_star_H = 0.999
l_k_H = 2.0632455532
l_k_ADM = 2.0632455532
l = 2.0632455533
rho_c = 1.0
gamma = 1.33333333333
q = 1.33333333333
mag_beta_c = 10.0
v_H = 0.956246068256
a_eq = 0.999
