p_c = 0.0959157520769
mag_p_c = 0.00959157520769
l = 2.0632455533
mag_beta_c = 10.0
r_int = 0.108958294315
r_mb_real = 2.20860377538e-314
l_mb = 2.0632455533
r_c = 0.496955955548
h_c = 1.38366300831
epsilon_c = 0.28774725623
r_cusp = 0.109044255896
r_center = 0.496955955548
W_cusp = -3.43793665531e-06
W_center = -0.352462403606
r_max_dens = 0.446574072635
density_max = 1.01093449873
r_max_mag_press = 0.596138066026
mag_pressure_max = 0.00998029590357
r_max_press = 0.446574072635
pressure_max = 0.0973166819158
r_max_total_press = 0.457724209681
total_pressure_max = 0.106398901341
r_max_sp_energy = 0.446574072635
specific_internal_energy_max = 0.288792247286
r_max_sp_enth = 0.446574072635
specific_enthalpy_max = 1.38505632972
