r_H = 0.2
W_H = 0.975
M_H = 0.393
J_H = 0.15
M_ADM = 0.415
J_ADM = 0.172
M_SF = 0.022
J_SF = 0.022
m = 1.0
a_star = 0.998693569459
a_star_H = 0.971194374842
l_k_H = 0.919401649165
l_k_ADM = 0.86
l = 0.934427829084
rho_c = 0.999836950442
gamma = 1.33333333333
q = 1.33333333333
mag_beta_c = 0.00056234132519
v_H = 0.768497260691
a_eq = 0.966305846033
