r_max_field_energy_density = 2.35567584664
field_energy_density_max = 0.00300318249696
peri_r_max_field_energy_density = 2.74574812579
peri_field_energy_density_max = 0.00300318249696
