energy_density_max = 10.009632882
total_ang_mom_dens_max = 5.45677759455
r_max_energy_density = 0.441391451907
r_max_total_ang_mom_dens = 0.448713164029
peri_r_max_energy_density = 0.854707578028
peri_r_max_total_ang_mom_dens = 0.860368340698
