p_c = 0.0343217122285
mag_p_c = 0.000610335941732
l = 2.62211129261
mag_beta_c = 56.234132519
r_int = 1.14806422021
r_mb_real = 2.24197851845e-314
l_mb = 2.62211129261
r_c = 2.99830015116
h_c = 1.13728684891
epsilon_c = 0.102965136685
r_cusp = 1.14833915964
r_center = 2.99830015116
W_cusp = -1.99954178118e-07
W_center = -0.130792107242
r_max_dens = 2.96981900418
density_max = 1.00020128452
r_max_mag_press = 3.42756846127
mag_pressure_max = 0.000639821552188
r_max_press = 2.96981900418
pressure_max = 0.0343309237764
r_max_total_press = 2.97736872853
total_pressure_max = 0.0349373941022
r_max_sp_energy = 2.96981900418
specific_internal_energy_max = 0.102972044651
r_max_sp_enth = 2.96981900418
specific_enthalpy_max = 1.13729605953
