p_c = 0.181970423654
mag_p_c = 0.000181970423654
l = 1.15912817057
mag_beta_c = 1000.0
r_int = 0.116622670216
r_mb_real = 2.20556216497e-314
l_mb = 1.15912817057
r_c = 0.451770692735
h_c = 1.72788169462
epsilon_c = 0.545911270962
r_cusp = 0.116699760684
r_center = 0.451770692735
W_cusp = -1.18145045768e-06
W_center = -0.547317460947
r_max_dens = 0.450962505069
density_max = 1.00000177866
r_max_mag_press = 0.658543880213
mag_pressure_max = 0.000208386292068
r_max_press = 0.450962505069
pressure_max = 0.181970855206
r_max_total_press = 0.451231789312
total_pressure_max = 0.182152647804
r_max_sp_energy = 0.450962505069
specific_internal_energy_max = 0.545911594626
r_max_sp_enth = 0.450962505069
specific_enthalpy_max = 1.72788212617
