p_c = 0.172729418826
mag_p_c = 0.000307161167902
l = 2.00063426218
mag_beta_c = 562.34132519
r_int = 0.00111541391944
r_mb_real = 2.17527355356e-314
l_mb = 2.00063426218
r_c = 0.0368867500569
h_c = 1.69091768898
epsilon_c = 0.518188266738
r_cusp = 0.00119989331725
r_center = 0.0368867500569
W_cusp = -0.0051021124477
W_center = -0.525998006927
r_max_dens = 0.0361714336849
density_max = 1.00003849341
r_max_mag_press = 0.226416847206
mag_pressure_max = 0.000616008652825
r_max_press = 0.0361714336849
pressure_max = 0.172738288702
r_max_total_press = 0.0363144172919
total_pressure_max = 0.173041676859
r_max_sp_energy = 0.0361714336849
specific_internal_energy_max = 0.518194919017
r_max_sp_enth = 0.0361714336849
specific_enthalpy_max = 1.69092655869
