p_c = 0.171320003708
mag_p_c = 0.00171320003097
l = 2.00063426218
mag_beta_c = 100.0
r_int = 0.00111541391944
r_mb_real = 2.12540368978e-314
l_mb = 2.00063426218
r_c = 0.0368867500569
h_c = 1.68528002834
epsilon_c = 0.513960021254
r_cusp = 0.00119989331725
r_center = 0.0368867500569
W_cusp = -0.0051021124477
W_center = -0.525998006927
r_max_dens = 0.0330358443951
density_max = 1.00110576614
r_max_mag_press = 0.202837816674
mag_pressure_max = 0.00318955752552
r_max_press = 0.0330358443951
pressure_max = 0.171572641236
r_max_total_press = 0.0338891015993
total_pressure_max = 0.173179855286
r_max_sp_energy = 0.0330358443951
specific_internal_energy_max = 0.514149394714
r_max_sp_enth = 0.0330358443951
specific_enthalpy_max = 1.68553252628
