p_c = 0.0676959496539
mag_p_c = 0.00214073389274
l = 2.20000000981
mag_beta_c = 31.6227766017
r_int = 0.351018639411
r_mb_real = 2.17731343599e-314
l_mb = 2.20000000981
r_c = 1.13078114698
h_c = 1.27078379862
epsilon_c = 0.203087848962
r_cusp = 0.351134497411
r_center = 1.13078114698
W_cusp = -7.26960105002e-08
W_center = -0.246372184676
r_max_dens = 1.10398725821
density_max = 1.00086125268
r_max_mag_press = 1.34595937203
mag_pressure_max = 0.00226482450748
r_max_press = 1.10398725821
pressure_max = 0.0677736985682
r_max_total_press = 1.11061500676
total_pressure_max = 0.0698824758959
r_max_sp_energy = 1.10398725821
specific_internal_energy_max = 0.20314613555
r_max_sp_enth = 1.10398725821
specific_enthalpy_max = 1.27086151407
