p_c = 0.0285941278364
mag_p_c = 0.16079661872
l = 1.20407705118
mag_beta_c = 0.177827941004
r_int = 0.105606579349
r_mb_real = 2.15894437567e-314
l_mb = 1.20407705118
r_c = 0.425139204841
h_c = 1.11437617892
epsilon_c = 0.085782134192
r_cusp = 0.105681957084
r_center = 0.425139204841
W_cusp = -1.66520378321e-05
W_center = -0.685464862983
r_max_dens = 0.191359685189
density_max = 2.66965753549
r_max_mag_press = 0.217034881112
mag_pressure_max = 0.342455458861
r_max_press = 0.191359685189
pressure_max = 0.105896736456
r_max_total_press = 0.210169701871
total_pressure_max = 0.443726696292
r_max_sp_energy = 0.191359685189
specific_internal_energy_max = 0.119000360587
r_max_sp_enth = 0.191359685189
specific_enthalpy_max = 1.15866714745
