p_c = 0.00190171050677
mag_p_c = 0.0601373162702
l = 2.20000000981
mag_beta_c = 0.0316227766017
r_int = 0.351018639411
r_mb_real = 2.20326932093e-314
l_mb = 2.20000000981
r_c = 1.13078114698
h_c = 1.00760873596
epsilon_c = 0.0057065519671
r_cusp = 0.351134497411
r_center = 1.13078114698
W_cusp = -7.26960105002e-08
W_center = -0.246372184676
r_max_dens = 0.665710289409
density_max = 2.07118500593
r_max_mag_press = 0.729384085643
mag_pressure_max = 0.106554550658
r_max_press = 0.665710289409
pressure_max = 0.0050224283717
r_max_total_press = 0.726298706323
total_pressure_max = 0.111379285202
r_max_sp_energy = 0.665710289409
specific_internal_energy_max = 0.00727471716528
r_max_sp_enth = 0.665710289409
specific_enthalpy_max = 1.00969962289
