p_c = 0.0488132125241
mag_p_c = 0.00274496866176
l = 0.934427829084
mag_beta_c = 17.7827941004
r_int = 0.255175352913
r_mb_real = 2.14076149509e-314
l_mb = 0.934427829084
r_c = 0.724199598529
h_c = 1.1952528501
epsilon_c = 0.146439637572
r_cusp = 0.255286428582
r_center = 0.724199598529
W_cusp = -5.51970281452e-07
W_center = -0.187543988945
r_max_dens = 0.700999037752
density_max = 1.00206775041
r_max_mag_press = 0.823087392309
mag_pressure_max = 0.00285121125607
r_max_press = 0.700999037752
pressure_max = 0.0489478369353
r_max_total_press = 0.706730893804
total_pressure_max = 0.0516387304223
r_max_sp_energy = 0.700999037752
specific_internal_energy_max = 0.146540501624
r_max_sp_enth = 0.700999037752
specific_enthalpy_max = 1.1953873355
