p_c = 0.00050876348529
mag_p_c = 0.0508763430204
l = 0.933434197827
mag_beta_c = 0.01
r_int = 0.280238763035
r_mb_real = 2.18191936099e-314
l_mb = 0.933434197827
r_c = 0.812681112752
h_c = 1.00203529804
epsilon_c = 0.00152647352831
r_cusp = 0.280351920522
r_center = 0.812681112752
W_cusp = -2.03144424749e-07
W_center = -0.205149608994
r_max_dens = 0.50721339686
density_max = 1.97886535153
r_max_mag_press = 0.547971840572
mag_pressure_max = 0.0878241422538
r_max_press = 0.50721339686
pressure_max = 0.00126417455492
r_max_total_press = 0.547422174316
total_pressure_max = 0.0890440721697
r_max_sp_energy = 0.50721339686
specific_internal_energy_max = 0.00191651425997
r_max_sp_enth = 0.50721339686
specific_enthalpy_max = 1.00255535235
