p_c = 0.0120814091267
mag_p_c = 0.0214839197644
l = 2.6324555397
mag_beta_c = 0.56234132519
r_int = 1.16843707618
r_mb_real = 2.23233562185e-314
l_mb = 2.6324555397
r_c = 3.04476918435
h_c = 1.04834773435
epsilon_c = 0.0362608007603
r_cusp = 1.16871754501
r_center = 3.04476918435
W_cusp = -2.16289985962e-07
W_center = -0.12922531663
r_max_dens = 2.35959356109
density_max = 1.23998195147
r_max_mag_press = 2.5659107241
mag_pressure_max = 0.0241106771405
r_max_press = 2.35959356109
pressure_max = 0.0161040880234
r_max_total_press = 2.47810474669
total_pressure_max = 0.0398747593098
r_max_sp_energy = 2.35959356109
specific_internal_energy_max = 0.0389620703856
r_max_sp_enth = 2.35959356109
specific_enthalpy_max = 1.05194942718
