p_c = 0.172490875311
mag_p_c = 0.000545464039619
l = 2.00063426218
mag_beta_c = 316.227766017
r_int = 0.00111541391944
r_mb_real = 2.23560995694e-314
l_mb = 2.00063426218
r_c = 0.0368867500569
h_c = 1.68996351489
epsilon_c = 0.51747263617
r_cusp = 0.00119989331725
r_center = 0.0368867500569
W_cusp = -0.0051021124477
W_center = -0.525998006927
r_max_dens = 0.0355998972169
density_max = 1.00011901066
r_max_mag_press = 0.222224008724
mag_pressure_max = 0.00107950078302
r_max_press = 0.0355998972169
pressure_max = 0.17251825141
r_max_total_press = 0.0358855858838
total_pressure_max = 0.173052004596
r_max_sp_energy = 0.0355998972169
specific_internal_energy_max = 0.517493167023
r_max_sp_enth = 0.0355998972169
specific_enthalpy_max = 1.68999088936
