p_c = 0.00012698431724
mag_p_c = 0.0401559670139
l = 2.45746184609
mag_beta_c = 0.00316227766017
r_int = 0.829031973588
r_mb_real = 2.19010722241e-314
l_mb = 2.45746184609
r_c = 2.25402271659
h_c = 1.00050793425
epsilon_c = 0.000380950690711
r_cusp = 0.829230666804
r_center = 2.25402271659
W_cusp = -2.26500975874e-07
W_center = -0.161049175568
r_max_dens = 1.50014500676
density_max = 1.79009762897
r_max_mag_press = 1.61011392562
mag_pressure_max = 0.0637542973594
r_max_press = 1.50014500676
pressure_max = 0.000276004147261
r_max_total_press = 1.61011392562
total_pressure_max = 0.0640214455886
r_max_sp_energy = 1.50014500676
specific_internal_energy_max = 0.000462551554943
r_max_sp_enth = 1.50014500676
specific_enthalpy_max = 1.00061673541
