p_c = 5.27367216569e-05
mag_p_c = 0.0166768152179
l = 3.34362297106
mag_beta_c = 0.00316227766017
r_int = 2.63112578028
r_mb_real = 2.25554737924e-314
l_mb = 3.34362297106
r_c = 6.64335483975
h_c = 1.00021100878
epsilon_c = 0.000158256584592
r_cusp = 2.63207141002
r_center = 6.64335483975
W_cusp = -1.62090519301e-07
W_center = -0.066923742645
r_max_dens = 4.83675948622
density_max = 1.53730476038
r_max_mag_press = 5.12511687227
mag_pressure_max = 0.0234507870294
r_max_press = 4.83675948622
pressure_max = 9.36044074863e-05
r_max_total_press = 5.12081924246
total_pressure_max = 0.0235420894154
r_max_sp_energy = 4.83675948622
specific_internal_energy_max = 0.000182665942171
r_max_sp_enth = 4.83675948622
specific_enthalpy_max = 1.00024355459
