p_c = 2.81497918967e-05
mag_p_c = 0.0158297905625
l = 3.41421357534
mag_beta_c = 0.00177827941004
r_int = 2.78047018589
r_mb_real = 2.19274409424e-314
l_mb = 3.41421357534
r_c = 7.03285949425
h_c = 1.00011270096
epsilon_c = 8.45257207957e-05
r_cusp = 2.78152120646
r_center = 7.03285949425
W_cusp = -1.86897889679e-07
W_center = -0.0634819577585
r_max_dens = 5.12791370204
density_max = 1.52964770161
r_max_mag_press = 5.43456630811
mag_pressure_max = 0.0221870738576
r_max_press = 5.12791370204
pressure_max = 4.96729934484e-05
r_max_total_press = 5.42979340177
total_pressure_max = 0.0222355412513
r_max_sp_energy = 5.12791370204
specific_internal_energy_max = 9.74204584416e-05
r_max_sp_enth = 5.12791370204
specific_enthalpy_max = 1.00012989394
