p_c = 0.0117266519186
mag_p_c = 0.0370828521767
l = 0.934427829084
mag_beta_c = 0.316227766017
r_int = 0.255175352913
r_mb_real = 2.21128719215e-314
l_mb = 0.934427829084
r_c = 0.724199598529
h_c = 1.04691151206
epsilon_c = 0.035183634047
r_cusp = 0.255286428582
r_center = 0.724199598529
W_cusp = -5.51970281452e-07
W_center = -0.187543988945
r_max_dens = 0.509895296208
density_max = 1.43282860014
r_max_mag_press = 0.558183338297
mag_pressure_max = 0.0468187985485
r_max_press = 0.509895296208
pressure_max = 0.0189449544045
r_max_total_press = 0.543126161077
total_pressure_max = 0.0652383133627
r_max_sp_energy = 0.509895296208
specific_internal_energy_max = 0.0396661981816
r_max_sp_enth = 0.509895296208
specific_enthalpy_max = 1.05288826424
