p_c = 0.0472172709138
mag_p_c = 0.000839655006642
l = 2.39574673992
mag_beta_c = 56.234132519
r_int = 0.711943198995
r_mb_real = 2.22073379054e-314
l_mb = 2.39574673992
r_c = 1.98271213881
h_c = 1.18886908366
epsilon_c = 0.141651812741
r_cusp = 0.712118341275
r_center = 1.98271213881
W_cusp = -1.0341537752e-07
W_center = -0.175827559945
r_max_dens = 1.96132138311
density_max = 1.00022610141
r_max_mag_press = 2.30431653001
mag_pressure_max = 0.000885224010754
r_max_press = 1.96132138311
pressure_max = 0.0472315059722
r_max_total_press = 1.9666363629
total_pressure_max = 0.0480651608208
r_max_sp_energy = 1.96132138311
specific_internal_energy_max = 0.141662487828
r_max_sp_enth = 1.96132138311
specific_enthalpy_max = 1.1888833171
