energy_density_max = 9.54956553106
total_ang_mom_dens_max = 6.14396706858
r_max_energy_density = 0.232359019376
r_max_total_ang_mom_dens = 0.239269320229
peri_r_max_energy_density = 0.797871397474
peri_r_max_total_ang_mom_dens = 0.805269212075
