p_c = 0.101601979846
mag_p_c = 0.00018067670878
l = 2.07228917239
mag_beta_c = 562.34132519
r_int = 0.124730053336
r_mb_real = 2.25003888721e-314
l_mb = 2.07228917239
r_c = 0.543250843368
h_c = 1.40640791939
epsilon_c = 0.304805939539
r_cusp = 0.124817800284
r_center = 0.543250843368
W_cusp = -4.5658672008e-06
W_center = -0.341552746049
r_max_dens = 0.542021242754
density_max = 1.00000395944
r_max_mag_press = 0.735973097667
mag_pressure_max = 0.000201096754925
r_max_press = 0.542021242754
pressure_max = 0.10160251623
r_max_total_press = 0.542328445038
total_pressure_max = 0.101782952196
r_max_sp_energy = 0.542021242754
specific_internal_energy_max = 0.304806341826
r_max_sp_enth = 0.542021242754
specific_enthalpy_max = 1.40640845577
