p_c = 0.000161779094461
mag_p_c = 0.0511590417103
l = 0.933434197827
mag_beta_c = 0.00316227766017
r_int = 0.280238763035
r_mb_real = 2.17832730612e-314
l_mb = 0.933434197827
r_c = 0.812681112752
h_c = 1.00064711282
epsilon_c = 0.000485334615074
r_cusp = 0.280351920522
r_center = 0.812681112752
W_cusp = -2.03144424749e-07
W_center = -0.205149608994
r_max_dens = 0.505688299857
density_max = 1.99955653277
r_max_mag_press = 0.546324479836
mag_pressure_max = 0.0892468449056
r_max_press = 0.505688299857
pressure_max = 0.000407534268201
r_max_total_press = 0.546050397138
total_pressure_max = 0.0896400542705
r_max_sp_energy = 0.505688299857
specific_internal_energy_max = 0.000611436978434
r_max_sp_enth = 0.505688299857
specific_enthalpy_max = 1.0008152493
