p_c = 0.0335350385393
mag_p_c = 0.000188581380125
l = 2.65069628907
mag_beta_c = 177.827941004
r_int = 1.20439326868
r_mb_real = 2.17525938771e-314
l_mb = 2.65069628907
r_c = 3.12953703841
h_c = 1.13414015416
epsilon_c = 0.100605115618
r_cusp = 1.20468367169
r_center = 3.12953703841
W_cusp = -1.95636367743e-07
W_center = -0.126539898251
r_max_dens = 3.1213924576
density_max = 1.00001800648
r_max_mag_press = 3.60189368782
mag_pressure_max = 0.000198720218216
r_max_press = 3.1213924576
pressure_max = 0.0335358436722
r_max_total_press = 3.1234251766
total_pressure_max = 0.0337240622973
r_max_sp_energy = 3.1213924576
specific_internal_energy_max = 0.100605719462
r_max_sp_enth = 3.1213924576
specific_enthalpy_max = 1.13414095928
