p_c = 0.00302984895556
mag_p_c = 0.170380853163
l = 1.20407705118
mag_beta_c = 0.0177827941004
r_int = 0.105606579349
r_mb_real = 2.20135086008e-314
l_mb = 1.20407705118
r_c = 0.425139204841
h_c = 1.01212039174
epsilon_c = 0.0090902938014
r_cusp = 0.105681957084
r_center = 0.425139204841
W_cusp = -1.66520378321e-05
W_center = -0.685464862983
r_max_dens = 0.175206693766
density_max = 3.99216732056
r_max_mag_press = 0.19344732484
mag_pressure_max = 0.540028138998
r_max_press = 0.175206693766
pressure_max = 0.0191902312345
r_max_total_press = 0.19280338083
total_pressure_max = 0.558297067572
r_max_sp_energy = 0.175206693766
specific_internal_energy_max = 0.0144209120212
r_max_sp_enth = 0.175206693766
specific_enthalpy_max = 1.01922788269
