p_c = 0.0326881018844
mag_p_c = 0.00103368854342
l = 2.65069628907
mag_beta_c = 31.6227766017
r_int = 1.20439326868
r_mb_real = 2.17361614909e-314
l_mb = 2.65069628907
r_c = 3.12953703841
h_c = 1.13075240754
epsilon_c = 0.0980643056531
r_cusp = 1.20468367169
r_center = 3.12953703841
W_cusp = -1.95636367743e-07
W_center = -0.126539898251
r_max_dens = 3.08121176162
density_max = 1.00057928156
r_max_mag_press = 3.54042109596
mag_pressure_max = 0.00107721295418
r_max_press = 3.08121176162
pressure_max = 0.0327133518079
r_max_total_press = 3.09317197442
total_pressure_max = 0.0337364497365
r_max_sp_energy = 3.08121176162
specific_internal_energy_max = 0.0980832376127
r_max_sp_enth = 3.08121176162
specific_enthalpy_max = 1.13077765015
