energy_density_max = 4.24706676296
total_ang_mom_dens_max = 3.18329984244
r_max_energy_density = 0.327843264894
r_max_total_ang_mom_dens = 0.346018243957
peri_r_max_energy_density = 0.909855834839
peri_r_max_total_ang_mom_dens = 0.939969228622
