p_c = 0.00445290543909
mag_p_c = 0.00791836357679
l = 3.79687967765
mag_beta_c = 0.56234132519
r_int = 3.58553996203
r_mb_real = 2.14637926654e-314
l_mb = 3.79687967765
r_c = 9.24084455661
h_c = 1.0178539202
epsilon_c = 0.0133904401504
r_cusp = 3.58732545471
r_center = 9.24084455661
W_cusp = -1.90610108503e-07
W_center = -0.0488881868661
r_max_dens = 7.46307933718
density_max = 1.18081591415
r_max_mag_press = 8.01939756201
mag_pressure_max = 0.0086552173804
r_max_press = 7.46307933718
pressure_max = 0.00557519296202
r_max_total_press = 7.78742958243
total_pressure_max = 0.0141365054577
r_max_sp_energy = 7.46307933718
specific_internal_energy_max = 0.0141644253653
r_max_sp_enth = 7.46307933718
specific_enthalpy_max = 1.01888590049
