p_c = 0.0334275769065
mag_p_c = 0.00105707279685
l = 2.6324555397
mag_beta_c = 31.6227766017
r_int = 1.16843707618
r_mb_real = 2.16229358739e-314
l_mb = 2.6324555397
r_c = 3.04476918435
h_c = 1.13371030763
epsilon_c = 0.100282730719
r_cusp = 1.16871754501
r_center = 3.04476918435
W_cusp = -2.16289985962e-07
W_center = -0.12922531663
r_max_dens = 2.99647416785
density_max = 1.00057495348
r_max_mag_press = 3.44786845669
mag_pressure_max = 0.00110196951248
r_max_press = 2.99647416785
pressure_max = 0.0334532050972
r_max_total_press = 3.00794480689
total_pressure_max = 0.0344994475773
r_max_sp_energy = 2.99647416785
specific_internal_energy_max = 0.100301946339
r_max_sp_enth = 2.99647416785
specific_enthalpy_max = 1.13373592845
