p_c = 3.39241026756e-05
mag_p_c = 0.107277431807
l = 2.02000000769
mag_beta_c = 0.000316227766017
r_int = 0.0342292645894
r_mb_real = 2.19150154681e-314
l_mb = 2.02000000769
r_c = 0.242054631617
h_c = 1.00013570112
epsilon_c = 0.000101775842871
r_cusp = 0.034307409192
r_center = 0.242054631617
W_cusp = -1.96790651451e-05
W_center = -0.429202098564
r_max_dens = 0.0694780931411
density_max = 6.16332295031
r_max_mag_press = 0.0801876665425
mag_pressure_max = 0.490136730507
r_max_press = 0.0694780931411
pressure_max = 0.000383367283439
r_max_total_press = 0.0801876665425
total_pressure_max = 0.49049573934
r_max_sp_energy = 0.0694780931411
specific_internal_energy_max = 0.000186604184073
r_max_sp_enth = 0.0694780931411
specific_enthalpy_max = 1.00024880558
