r_H = 1.96247384602
W_H = 0.0
M_H = 1.0
J_H = 0.1928058633
M_ADM = 1.0
J_ADM = 0.1928058633
M_SF = 0.0
J_SF = 0.0
m = 1.0
a_star = 0.1928058633
a_star_H = 0.1928058633
l_k_H = 3.79687966954
l_k_ADM = 3.79687966954
l = 3.79687967765
rho_c = 1.0
gamma = 1.33333333333
q = 1.33333333333
mag_beta_c = 10000.0
v_H = 0.0973159045548
a_eq = 0.1928058633
