p_c = 0.0203753639973
mag_p_c = 0.203754147273
l = 1.19854613723
mag_beta_c = 0.1
r_int = 0.104537220829
r_mb_real = 2.15892211504e-314
l_mb = 1.19854613723
r_c = 0.433729267781
h_c = 1.08149539719
epsilon_c = 0.0611215478898
r_cusp = 0.104617548939
r_center = 0.433729267781
W_cusp = -2.16163476906e-05
W_center = -0.831890220704
r_max_dens = 0.178315877928
density_max = 3.27848923054
r_max_mag_press = 0.199991341759
mag_pressure_max = 0.527133722854
r_max_press = 0.178315877928
pressure_max = 0.099226424506
r_max_total_press = 0.19585734432
total_pressure_max = 0.621872776648
r_max_sp_energy = 0.178315877928
specific_internal_energy_max = 0.0907976975326
r_max_sp_enth = 0.178315877928
specific_enthalpy_max = 1.12106359671
