p_c = 0.000103104173387
mag_p_c = 0.032604401689
l = 2.62211129261
mag_beta_c = 0.00316227766017
r_int = 1.14806422021
r_mb_real = 2.20909958014e-314
l_mb = 2.62211129261
r_c = 2.99830015116
h_c = 1.00041246696
epsilon_c = 0.000309350220587
r_cusp = 1.14833915964
r_center = 2.99830015116
W_cusp = -1.99954178118e-07
W_center = -0.130792107242
r_max_dens = 2.06590652369
density_max = 1.69798892366
r_max_mag_press = 2.20647917752
mag_pressure_max = 0.0496240423531
r_max_press = 2.06590652369
pressure_max = 0.000208894315866
r_max_total_press = 2.20647917752
total_pressure_max = 0.0498267764534
r_max_sp_energy = 2.06590652369
specific_internal_energy_max = 0.000369073636974
r_max_sp_enth = 2.06590652369
specific_enthalpy_max = 1.00049209818
