p_c = 0.00572310850032
mag_p_c = 0.0572312353994
l = 2.20000000981
mag_beta_c = 0.1
r_int = 0.351018639411
r_mb_real = 2.1672981799e-314
l_mb = 2.20000000981
r_c = 1.13078114698
h_c = 1.02288638491
epsilon_c = 0.0171647886797
r_cusp = 0.351134497411
r_center = 1.13078114698
W_cusp = -7.26960105002e-08
W_center = -0.246372184676
r_max_dens = 0.685248810684
density_max = 1.88162358987
r_max_mag_press = 0.754960005312
mag_pressure_max = 0.0920953183412
r_max_press = 0.685248810684
pressure_max = 0.0132899275752
r_max_total_press = 0.745033110236
total_pressure_max = 0.104890516027
r_max_sp_energy = 0.685248810684
specific_internal_energy_max = 0.0211890321424
r_max_sp_enth = 0.685248810684
specific_enthalpy_max = 1.02825204286
