p_c = 0.152594625741
mag_p_c = 0.000858102640563
l = 2.0063246157
mag_beta_c = 177.827941004
r_int = 0.0107871365282
r_mb_real = 2.16533115041e-314
l_mb = 2.0063246157
r_c = 0.125291558349
h_c = 1.61037850297
epsilon_c = 0.457783877224
r_cusp = 0.0108630832391
r_center = 0.125291558349
W_cusp = -0.000132988643512
W_center = -0.478600677313
r_max_dens = 0.122775203242
density_max = 1.00011613843
r_max_mag_press = 0.287102567433
mag_pressure_max = 0.00113541039962
r_max_press = 0.122775203242
pressure_max = 0.152618255667
r_max_total_press = 0.123445100836
total_pressure_max = 0.153465901479
r_max_sp_energy = 0.122775203242
specific_internal_energy_max = 0.457801598639
r_max_sp_enth = 0.122775203242
specific_enthalpy_max = 1.61040213152
