p_c = 0.145203323254
mag_p_c = 0.00816538292208
l = 2.0063246157
mag_beta_c = 17.7827941004
r_int = 0.0107871365282
r_mb_real = 2.16431930397e-314
l_mb = 2.0063246157
r_c = 0.125291558349
h_c = 1.58081329302
epsilon_c = 0.435609969763
r_cusp = 0.0108630832391
r_center = 0.125291558349
W_cusp = -0.000132988643512
W_center = -0.478600677313
r_max_dens = 0.104670554471
density_max = 1.00997278932
r_max_mag_press = 0.228797741204
mag_pressure_max = 0.00956322510773
r_max_press = 0.104670554471
pressure_max = 0.147137301577
r_max_total_press = 0.109058224167
total_pressure_max = 0.154556963047
r_max_sp_energy = 0.104670554471
specific_internal_energy_max = 0.437053264603
r_max_sp_enth = 0.104670554471
specific_enthalpy_max = 1.58273768614
