p_c = 0.107273284283
mag_p_c = 0.00190761872688
l = 1.06402371083
mag_beta_c = 56.234132519
r_int = 0.132875451826
r_mb_real = 2.20951241349e-314
l_mb = 1.06402371083
r_c = 0.470297980931
h_c = 1.42909313713
epsilon_c = 0.32181985285
r_cusp = 0.132960228361
r_center = 0.470297980931
W_cusp = -1.97717356487e-06
W_center = -0.362379455778
r_max_dens = 0.461562666881
density_max = 1.00036997284
r_max_mag_press = 0.6167754668
mag_pressure_max = 0.00208616908174
r_max_press = 0.461562666881
pressure_max = 0.107326205149
r_max_total_press = 0.463735448553
total_pressure_max = 0.109211174093
r_max_sp_energy = 0.461562666881
specific_internal_energy_max = 0.321859536158
r_max_sp_enth = 0.461562666881
specific_enthalpy_max = 1.42914604821
