p_c = 0.00502763309814
mag_p_c = 0.0282724182493
l = 2.62211129261
mag_beta_c = 0.177827941004
r_int = 1.14806422021
r_mb_real = 2.13966667724e-314
l_mb = 2.62211129261
r_c = 2.99830015116
h_c = 1.02011380702
epsilon_c = 0.0150853552654
r_cusp = 1.14833915964
r_center = 2.99830015116
W_cusp = -1.99954178118e-07
W_center = -0.130792107242
r_max_dens = 2.1675906286
density_max = 1.46143107653
r_max_mag_press = 2.33206171315
mag_pressure_max = 0.0369870417059
r_max_press = 2.1675906286
pressure_max = 0.00833992814573
r_max_total_press = 2.29890811298
total_pressure_max = 0.0451098533978
r_max_sp_energy = 2.1675906286
specific_internal_energy_max = 0.0171200577564
r_max_sp_enth = 2.1675906286
specific_enthalpy_max = 1.02282674368
