p_c = 0.245927569445
mag_p_c = 0.000245927569445
l = 1.20407705118
mag_beta_c = 1000.0
r_int = 0.105606579349
r_mb_real = 2.25344678603e-314
l_mb = 1.20407705118
r_c = 0.425139204841
h_c = 1.98371027778
epsilon_c = 0.737782708335
r_cusp = 0.105681957084
r_center = 0.425139204841
W_cusp = -1.66520378321e-05
W_center = -0.685464862983
r_max_dens = 0.424357753629
density_max = 1.00000215625
r_max_mag_press = 0.57343388653
mag_pressure_max = 0.000275619461643
r_max_press = 0.424357753629
pressure_max = 0.245928276487
r_max_total_press = 0.424618131523
total_pressure_max = 0.246173933308
r_max_sp_energy = 0.424357753629
specific_internal_energy_max = 0.737783238617
r_max_sp_enth = 0.424357753629
specific_enthalpy_max = 1.98371098482
