p_c = 0.0821611917787
mag_p_c = 0.0259816501295
l = 1.06402371083
mag_beta_c = 3.16227766017
r_int = 0.132875451826
r_mb_real = 2.24052348326e-314
l_mb = 1.06402371083
r_c = 0.470297980931
h_c = 1.32864476711
epsilon_c = 0.246483575336
r_cusp = 0.132960228361
r_center = 0.470297980931
W_cusp = -1.97717356487e-06
W_center = -0.362379455778
r_max_dens = 0.38061620077
density_max = 1.06299237216
r_max_mag_press = 0.468103077116
mag_pressure_max = 0.0259825382612
r_max_press = 0.38061620077
pressure_max = 0.0891333564952
r_max_total_press = 0.397218004127
total_pressure_max = 0.113578399109
r_max_sp_energy = 0.38061620077
specific_internal_energy_max = 0.251554081185
r_max_sp_enth = 0.38061620077
specific_enthalpy_max = 1.33540544158
