p_c = 0.60917110336
mag_p_c = 0.0010832764303
l = 0.920446895017
mag_beta_c = 562.34132519
r_int = 0.0527882972713
r_mb_real = 2.2286788088e-314
l_mb = 0.920446895017
r_c = 0.34546691412
h_c = 3.43668441344
epsilon_c = 1.82751331008
r_cusp = 0.0528814318956
r_center = 0.34546691412
W_cusp = -0.000170539759153
W_center = -1.23576801229
r_max_dens = 0.344989726523
density_max = 1.0000027089
r_max_mag_press = 0.401216138322
mag_pressure_max = 0.00114547019616
r_max_press = 0.344989726523
pressure_max = 0.609173303603
r_max_total_press = 0.344989726523
total_pressure_max = 0.610255539679
r_max_sp_energy = 0.344989726523
specific_internal_energy_max = 1.82751496026
r_max_sp_enth = 0.344989726523
specific_enthalpy_max = 3.43668661368
