p_c = 0.000994804474873
mag_p_c = 0.0314585146463
l = 2.6324555397
mag_beta_c = 0.0316227766017
r_int = 1.16843707618
r_mb_real = 2.16887463665e-314
l_mb = 2.6324555397
r_c = 3.04476918435
h_c = 1.00397670538
epsilon_c = 0.00298252903444
r_cusp = 1.16871754501
r_center = 3.04476918435
W_cusp = -2.16289985962e-07
W_center = -0.12922531663
r_max_dens = 2.12171079612
density_max = 1.64265018758
r_max_mag_press = 2.26818817405
mag_pressure_max = 0.046272668475
r_max_press = 2.12171079612
pressure_max = 0.00192648415189
r_max_total_press = 2.26231594908
total_pressure_max = 0.0481437576954
r_max_sp_energy = 2.12171079612
specific_internal_energy_max = 0.00351837080066
r_max_sp_enth = 2.12171079612
specific_enthalpy_max = 1.00469116107
