p_c = 0.000401394574486
mag_p_c = 0.126932111728
l = 2.00200033169
mag_beta_c = 0.00316227766017
r_int = 0.00338976218366
r_mb_real = 2.18102488874e-314
l_mb = 2.00200033169
r_c = 0.0672994897634
h_c = 1.00160554017
epsilon_c = 0.00120415513099
r_cusp = 0.00346525722239
r_center = 0.0672994897634
W_cusp = -0.000816278093025
W_center = -0.508506791543
r_max_dens = 0.00715267505786
density_max = 33.6090291142
r_max_mag_press = 0.00841089462934
mag_pressure_max = 2.82762491393
r_max_press = 0.00715267505786
pressure_max = 0.0435343807247
r_max_total_press = 0.00828359877968
total_pressure_max = 2.8682488943
r_max_sp_energy = 0.00715267505786
specific_internal_energy_max = 0.0038859540313
r_max_sp_enth = 0.00715267505786
specific_enthalpy_max = 1.00518127204
