p_c = 0.0515193041402
mag_p_c = 5.15193041402e-05
l = 0.934427829084
mag_beta_c = 1000.0
r_int = 0.255175352913
r_mb_real = 2.17422528064e-314
l_mb = 0.934427829084
r_c = 0.724199598529
h_c = 1.20607721656
epsilon_c = 0.154557912421
r_cusp = 0.255286428582
r_center = 0.724199598529
W_cusp = -5.51970281452e-07
W_center = -0.187543988945
r_max_dens = 0.723831435535
density_max = 1.00000026447
r_max_mag_press = 0.859395115245
mag_pressure_max = 5.49372864341e-05
r_max_press = 0.723831435535
pressure_max = 0.0515193223071
r_max_total_press = 0.724199598529
total_pressure_max = 0.0515708234444
r_max_sp_energy = 0.723831435535
specific_internal_energy_max = 0.154557926046
r_max_sp_enth = 0.723831435535
specific_enthalpy_max = 1.20607723473
