p_c = 0.00342548126606
mag_p_c = 0.0108322396396
l = 3.57984163105
mag_beta_c = 0.316227766017
r_int = 3.1298157959
r_mb_real = 2.16039131608e-314
l_mb = 3.57984163105
r_c = 7.97345443704
h_c = 1.01371943811
epsilon_c = 0.0102895785808
r_cusp = 3.13114819178
r_center = 7.97345443704
W_cusp = -1.16412385532e-08
W_center = -0.0564233645228
r_max_dens = 6.21792538461
density_max = 1.27212037457
r_max_mag_press = 6.64911649403
mag_pressure_max = 0.012643395037
r_max_press = 6.21792538461
pressure_max = 0.00472968470478
r_max_total_press = 6.51907977533
total_pressure_max = 0.0172812969309
r_max_sp_energy = 6.21792538461
specific_internal_energy_max = 0.011153861221
r_max_sp_enth = 6.21792538461
specific_enthalpy_max = 1.01487181496
