p_c = 0.00159253717523
mag_p_c = 0.0895548923761
l = 1.06402371083
mag_beta_c = 0.0177827941004
r_int = 0.132875451826
r_mb_real = 2.2066650776e-314
l_mb = 1.06402371083
r_c = 0.470297980931
h_c = 1.00637151833
epsilon_c = 0.00477863875121
r_cusp = 0.132960228361
r_center = 0.470297980931
W_cusp = -1.97717356487e-06
W_center = -0.362379455778
r_max_dens = 0.242485594443
density_max = 2.62938063874
r_max_mag_press = 0.26750383832
mag_pressure_max = 0.195502624441
r_max_press = 0.242485594443
pressure_max = 0.00578120916395
r_max_total_press = 0.266567648968
total_pressure_max = 0.201026749305
r_max_sp_energy = 0.242485594443
specific_internal_energy_max = 0.00659608853748
r_max_sp_enth = 0.242485594443
specific_enthalpy_max = 1.00879478472
