r_max_field_energy_density = 2.21747757187
field_energy_density_max = 0.000136480639949
peri_r_max_field_energy_density = 2.5558183731
peri_field_energy_density_max = 0.000136480639949
