energy_density_max = 9.29526270601
total_ang_mom_dens_max = 5.015744215
r_max_energy_density = 0.416916965288
r_max_total_ang_mom_dens = 0.423491540567
peri_r_max_energy_density = 0.901689391438
peri_r_max_total_ang_mom_dens = 0.906092953465
