p_c = 4.954268209e-05
mag_p_c = 0.0881007329942
l = 2.0632455533
mag_beta_c = 0.00056234132519
r_int = 0.108958294315
r_mb_real = 2.19642923898e-314
l_mb = 2.0632455533
r_c = 0.496955955548
h_c = 1.00019813201
epsilon_c = 0.000148599010089
r_cusp = 0.109044255896
r_center = 0.496955955548
W_cusp = -3.43793665531e-06
W_center = -0.352462403606
r_max_dens = 0.21433953396
density_max = 3.32112787284
r_max_mag_press = 0.24157409669
mag_pressure_max = 0.233879881682
r_max_press = 0.21433953396
pressure_max = 0.000245422197648
r_max_total_press = 0.241388630035
total_pressure_max = 0.234112273744
r_max_sp_energy = 0.21433953396
specific_internal_energy_max = 0.000221691732789
r_max_sp_enth = 0.21433953396
specific_enthalpy_max = 1.00029558898
