p_c = 0.0206540322295
mag_p_c = 0.116146202539
l = 2.00200033169
mag_beta_c = 0.177827941004
r_int = 0.00338976218366
r_mb_real = 2.1548666345e-314
l_mb = 2.00200033169
r_c = 0.0672994897634
h_c = 1.08261520624
epsilon_c = 0.0619614046793
r_cusp = 0.00346525722239
r_center = 0.0672994897634
W_cusp = -0.000816278093025
W_center = -0.508506791543
r_max_dens = 0.00956801366702
density_max = 9.15470435229
r_max_mag_press = 0.0124587732356
mag_pressure_max = 0.670483742438
r_max_press = 0.00956801366702
pressure_max = 0.395540369197
r_max_total_press = 0.011135967747
total_pressure_max = 1.04126456721
r_max_sp_energy = 0.00956801366702
specific_internal_energy_max = 0.129618725185
r_max_sp_enth = 0.00956801366702
specific_enthalpy_max = 1.17282496691
