p_c = 0.0194045180225
mag_p_c = 0.00345066548612
l = 3.01685585031
mag_beta_c = 5.6234132519
r_int = 1.9462863345
r_mb_real = 2.13887743701e-314
l_mb = 3.01685585031
r_c = 4.91124046632
h_c = 1.07761807209
epsilon_c = 0.0582135540675
r_cusp = 1.94684681898
r_center = 4.91124046632
W_cusp = -1.08759384503e-07
W_center = -0.0875616081841
r_max_dens = 4.5992500231
density_max = 1.01218851603
r_max_mag_press = 5.13899034063
mag_pressure_max = 0.00347409125464
r_max_press = 4.5992500231
pressure_max = 0.0197205066088
r_max_total_press = 4.66702318632
total_pressure_max = 0.023069207099
r_max_sp_energy = 4.5992500231
specific_internal_energy_max = 0.0584491118895
r_max_sp_enth = 4.5992500231
specific_enthalpy_max = 1.07793214919
