p_c = 0.051479269421
mag_p_c = 9.15445248553e-05
l = 0.934427829084
mag_beta_c = 562.34132519
r_int = 0.255175352913
r_mb_real = 2.18345736759e-314
l_mb = 0.934427829084
r_c = 0.724199598529
h_c = 1.20591707768
epsilon_c = 0.154437808263
r_cusp = 0.255286428582
r_center = 0.724199598529
W_cusp = -5.51970281452e-07
W_center = -0.187543988945
r_max_dens = 0.723463454278
density_max = 1.00000144797
r_max_mag_press = 0.85895864828
mag_pressure_max = 9.75739023355e-05
r_max_press = 0.723463454278
pressure_max = 0.0514793688086
r_max_total_press = 0.723831435535
total_pressure_max = 0.0515708598106
r_max_sp_energy = 0.723463454278
specific_internal_energy_max = 0.154437882804
r_max_sp_enth = 0.723463454278
specific_enthalpy_max = 1.20591717707
