p_c = 0.0218925593211
mag_p_c = 0.0123110908204
l = 2.6324555397
mag_beta_c = 1.77827941004
r_int = 1.16843707618
r_mb_real = 2.12528024452e-314
l_mb = 2.6324555397
r_c = 3.04476918435
h_c = 1.08757023728
epsilon_c = 0.0656776779633
r_cusp = 1.16871754501
r_center = 3.04476918435
W_cusp = -2.16289985962e-07
W_center = -0.12922531663
r_max_dens = 2.60135730484
density_max = 1.07408401706
r_max_mag_press = 2.88219765908
mag_pressure_max = 0.0124393668867
r_max_press = 2.60135730484
pressure_max = 0.0240813524485
r_max_total_press = 2.68901829324
total_pressure_max = 0.036184338322
r_max_sp_energy = 2.60135730484
specific_internal_energy_max = 0.0672610859095
r_max_sp_enth = 2.60135730484
specific_enthalpy_max = 1.08968144788
