r_H = 0.0282835641318
W_H = 0.0
M_H = 1.0
J_H = 0.9999
M_ADM = 1.0
J_ADM = 0.9999
M_SF = 0.0
J_SF = 0.0
m = 1.0
a_star = 0.9999
a_star_H = 0.9999
l_k_H = 2.02
l_k_ADM = 2.02
l = 2.02000000769
rho_c = 1.0
gamma = 1.33333333333
q = 1.33333333333
mag_beta_c = 10000.0
v_H = 0.985956813615
a_eq = 0.9999
