p_c = 0.0697199067219
mag_p_c = 0.000123981474594
l = 2.20000000981
mag_beta_c = 562.34132519
r_int = 0.351018639411
r_mb_real = 2.19979464025e-314
l_mb = 2.20000000981
r_c = 1.13078114698
h_c = 1.27887962689
epsilon_c = 0.209159720166
r_cusp = 0.351134497411
r_center = 1.13078114698
W_cusp = -7.26960105002e-08
W_center = -0.246372184676
r_max_dens = 1.12908423388
density_max = 1.00000392792
r_max_mag_press = 1.38652118157
mag_pressure_max = 0.000133600040562
r_max_press = 1.12908423388
pressure_max = 0.0697202718611
r_max_total_press = 1.12908423388
total_pressure_max = 0.0698441093329
r_max_sp_energy = 1.12908423388
specific_internal_energy_max = 0.20915999402
r_max_sp_enth = 1.12908423388
specific_enthalpy_max = 1.27887999203
