r_max_field_energy_density = 0.503868092008
field_energy_density_max = 0.431750325636
peri_r_max_field_energy_density = 1.19976508732
peri_field_energy_density_max = 0.431750325636
