energy_density_max = 51.1231576863
total_ang_mom_dens_max = 32.1031096998
r_max_energy_density = 0.145684431946
r_max_total_ang_mom_dens = 0.146477717754
peri_r_max_energy_density = 0.623768401701
peri_r_max_total_ang_mom_dens = 0.62485443617
