p_c = 0.139274089752
mag_p_c = 0.0139274089752
l = 2.0063246157
mag_beta_c = 10.0
r_int = 0.0107871365282
r_mb_real = 2.23267762594e-314
l_mb = 2.0063246157
r_c = 0.125291558349
h_c = 1.55709635901
epsilon_c = 0.417822269257
r_cusp = 0.0108630832391
r_center = 0.125291558349
W_cusp = -0.000132988643512
W_center = -0.478600677313
r_max_dens = 0.0942550118289
density_max = 1.02744489587
r_max_mag_press = 0.196522650112
mag_pressure_max = 0.015276329381
r_max_press = 0.0942550118289
pressure_max = 0.144393745109
r_max_total_press = 0.0999980208691
total_pressure_max = 0.156532953791
r_max_sp_energy = 0.0942550118289
specific_internal_energy_max = 0.421610187632
r_max_sp_enth = 0.0942550118289
specific_enthalpy_max = 1.56214691684
