p_c = 0.133585192033
mag_p_c = 0.000422433468494
l = 2.02000000769
mag_beta_c = 316.227766017
r_int = 0.0342292645894
r_mb_real = 2.14040734884e-314
l_mb = 2.02000000769
r_c = 0.242054631617
h_c = 1.53434076813
epsilon_c = 0.400755576098
r_cusp = 0.034307409192
r_center = 0.242054631617
W_cusp = -1.96790651451e-05
W_center = -0.429202098564
r_max_dens = 0.24042857193
density_max = 1.0000212951
r_max_mag_press = 0.407802920879
mag_pressure_max = 0.000504365233928
r_max_press = 0.24042857193
pressure_max = 0.133588984992
r_max_total_press = 0.240834669926
total_pressure_max = 0.134009708395
r_max_sp_energy = 0.24042857193
specific_internal_energy_max = 0.400758420787
r_max_sp_enth = 0.24042857193
specific_enthalpy_max = 1.53434456105
