p_c = 1.48180097304e-05
mag_p_c = 0.0468586607356
l = 0.934427829084
mag_beta_c = 0.000316227766017
r_int = 0.255175352913
r_mb_real = 2.20558644929e-314
l_mb = 0.934427829084
r_c = 0.724199598529
h_c = 1.00005929138
epsilon_c = 4.44685375483e-05
r_cusp = 0.255286428582
r_center = 0.724199598529
W_cusp = -5.51970281452e-07
W_center = -0.187543988945
r_max_dens = 0.464575451397
density_max = 1.89418095554
r_max_mag_press = 0.5009789504
mag_pressure_max = 0.0779757260072
r_max_press = 0.464575451397
pressure_max = 3.47435441912e-05
r_max_total_press = 0.5009789504
total_pressure_max = 0.0780092701892
r_max_sp_energy = 0.464575451397
specific_internal_energy_max = 5.50267556376e-05
r_max_sp_enth = 0.464575451397
specific_enthalpy_max = 1.00007336901
