p_c = 0.028325455479
mag_p_c = 0.0895724837099
l = 2.02000000769
mag_beta_c = 0.316227766017
r_int = 0.0342292645894
r_mb_real = 2.15789610275e-314
l_mb = 2.02000000769
r_c = 0.242054631617
h_c = 1.11331500295
epsilon_c = 0.0849862522147
r_cusp = 0.034307409192
r_center = 0.242054631617
W_cusp = -1.96790651451e-05
W_center = -0.429202098564
r_max_dens = 0.0903052954528
density_max = 2.57391886532
r_max_mag_press = 0.111677224207
mag_pressure_max = 0.171474731638
r_max_press = 0.0903052954528
pressure_max = 0.0999318822256
r_max_total_press = 0.102761491035
total_pressure_max = 0.266177749451
r_max_sp_energy = 0.0903052954528
specific_internal_energy_max = 0.116474396577
r_max_sp_enth = 0.0903052954528
specific_enthalpy_max = 1.15529919544
