p_c = 0.0393368153565
mag_p_c = 0.000124393932424
l = 2.52880916553
mag_beta_c = 316.227766017
r_int = 0.966033528906
r_mb_real = 2.24193804459e-314
l_mb = 2.52880916553
r_c = 2.57240468623
h_c = 1.15734726143
epsilon_c = 0.118010446069
r_cusp = 0.966262655112
r_center = 2.57240468623
W_cusp = -1.25471527368e-07
W_center = -0.146560470472
r_max_dens = 2.5678128314
density_max = 1.00000461028
r_max_mag_press = 2.98866566829
mag_pressure_max = 0.00013160706731
r_max_press = 2.5678128314
pressure_max = 0.0393370571615
r_max_total_press = 2.5693419569
total_pressure_max = 0.039461332311
r_max_sp_energy = 2.5678128314
specific_internal_energy_max = 0.118010627423
r_max_sp_enth = 2.5678128314
specific_enthalpy_max = 1.15734750323
