r_H = 0.0028284264177
W_H = 0.0
M_H = 1.0
J_H = 0.999999
M_ADM = 1.0
J_ADM = 0.999999
M_SF = 0.0
J_SF = 0.0
m = 1.0
a_star = 0.999999
a_star_H = 0.999999
l_k_H = 2.002
l_k_ADM = 2.002
l = 2.00200033169
rho_c = 0.999999999146
gamma = 1.33333333333
q = 1.33333333333
mag_beta_c = 17.7827941004
v_H = 0.998586785378
a_eq = 0.999999
