p_c = 0.156788496795
mag_p_c = 0.00881686510495
l = 2.00200033169
mag_beta_c = 17.7827941004
r_int = 0.00338976218366
r_mb_real = 2.17717177748e-314
l_mb = 2.00200033169
r_c = 0.0672994897634
h_c = 1.62715398772
epsilon_c = 0.470365490787
r_cusp = 0.00346525722239
r_center = 0.0672994897634
W_cusp = -0.000816278093025
W_center = -0.508506791543
r_max_dens = 0.0501532481251
density_max = 1.01618466527
r_max_mag_press = 0.164790381399
mag_pressure_max = 0.01119259831
r_max_press = 0.0501532481251
pressure_max = 0.16018101676
r_max_total_press = 0.0533895972239
total_pressure_max = 0.167728240468
r_max_sp_energy = 0.0501532481251
specific_internal_energy_max = 0.472889492139
r_max_sp_enth = 0.0501532481251
specific_enthalpy_max = 1.63051932285
