p_c = 0.0558049063603
mag_p_c = 0.0992366835153
l = 2.00063426218
mag_beta_c = 0.56234132519
r_int = 0.00111541391944
r_mb_real = 2.13931657837e-314
l_mb = 2.00063426218
r_c = 0.0368867500569
h_c = 1.22322052526
epsilon_c = 0.167415393942
r_cusp = 0.00119989331725
r_center = 0.0368867500569
W_cusp = -0.0051021124477
W_center = -0.525998006927
r_max_dens = 0.00490062290082
density_max = 4.62031621132
r_max_mag_press = 0.00797139588938
mag_pressure_max = 0.256185655663
r_max_press = 0.00490062290082
pressure_max = 0.429441143407
r_max_total_press = 0.00569653507062
total_pressure_max = 0.65937856243
r_max_sp_energy = 0.00490062290082
specific_internal_energy_max = 0.278838800484
r_max_sp_enth = 0.00490062290082
specific_enthalpy_max = 1.37178506731
