p_c = 0.000287053830923
mag_p_c = 0.0510461851693
l = 0.933434197827
mag_beta_c = 0.0056234132519
r_int = 0.280238763035
r_mb_real = 2.14100636193e-314
l_mb = 0.933434197827
r_c = 0.812681112752
h_c = 1.00114850392
epsilon_c = 0.000861377939027
r_cusp = 0.280351920522
r_center = 0.812681112752
W_cusp = -2.03144424749e-07
W_center = -0.205149608994
r_max_dens = 0.506196151884
density_max = 1.99160165062
r_max_mag_press = 0.546873054224
mag_pressure_max = 0.0887102421276
r_max_press = 0.506196151884
pressure_max = 0.000719524369648
r_max_total_press = 0.546598698846
total_pressure_max = 0.0894044807737
r_max_sp_energy = 0.506196151884
specific_internal_energy_max = 0.00108383777864
r_max_sp_enth = 0.506196151884
specific_enthalpy_max = 1.00144511704
