p_c = 0.0423435908452
mag_p_c = 0.00133902191381
l = 2.45746184609
mag_beta_c = 31.6227766017
r_int = 0.829031973588
r_mb_real = 2.22240536086e-314
l_mb = 2.45746184609
r_c = 2.25402271659
h_c = 1.16937436338
epsilon_c = 0.127030772536
r_cusp = 0.829230666804
r_center = 2.25402271659
W_cusp = -2.26500975874e-07
W_center = -0.161049175568
r_max_dens = 2.21497588107
density_max = 1.00063572199
r_max_mag_press = 2.57944068452
mag_pressure_max = 0.00140051207652
r_max_press = 2.21497588107
pressure_max = 0.0423794863169
r_max_total_press = 2.22495002049
total_pressure_max = 0.0437034329801
r_max_sp_energy = 2.21497588107
specific_internal_energy_max = 0.127057685585
r_max_sp_enth = 2.21497588107
specific_enthalpy_max = 1.16941024745
