p_c = 0.0992843360666
mag_p_c = 0.0331040200182
l = 2.02000000769
mag_beta_c = 2.99916251899
r_int = 0.0342292645894
r_mb_real = 2.1856146242e-314
l_mb = 2.02000000769
r_c = 0.242054631617
h_c = 1.39713734427
epsilon_c = 0.2978530082
r_cusp = 0.034307409192
r_center = 0.242054631617
W_cusp = -1.96790651451e-05
W_center = -0.429202098564
r_max_dens = 0.15992474981
density_max = 1.12047349006
r_max_mag_press = 0.234973319486
mag_pressure_max = 0.0331284756968
r_max_press = 0.15992474981
pressure_max = 0.115544563687
r_max_total_press = 0.17290663421
total_pressure_max = 0.145335066884
r_max_sp_energy = 0.15992474981
specific_internal_energy_max = 0.309363580787
r_max_sp_enth = 0.15992474981
specific_enthalpy_max = 1.41248477438
