p_c = 0.12426758533
mag_p_c = 0.0392968608926
l = 2.00200033169
mag_beta_c = 3.16227766017
r_int = 0.00338976218366
r_mb_real = 2.13807200725e-314
l_mb = 2.00200033169
r_c = 0.0672994897634
h_c = 1.49707034171
epsilon_c = 0.37280275628
r_cusp = 0.00346525722239
r_center = 0.0672994897634
W_cusp = -0.000816278093025
W_center = -0.508506791543
r_max_dens = 0.0277946858104
density_max = 1.25092124856
r_max_mag_press = 0.0647289143691
mag_pressure_max = 0.0393174179441
r_max_press = 0.0277946858104
pressure_max = 0.167493446665
r_max_total_press = 0.0317305708286
total_pressure_max = 0.198595714449
r_max_sp_energy = 0.0277946858104
specific_internal_energy_max = 0.401688228235
r_max_sp_enth = 0.0277946858104
specific_enthalpy_max = 1.53558430431
