p_c = 0.0517114659009
mag_p_c = 0.00517114659009
l = 0.933434197827
mag_beta_c = 10.0
r_int = 0.280238763035
r_mb_real = 2.20513718947e-314
l_mb = 0.933434197827
r_c = 0.812681112752
h_c = 1.2068458636
epsilon_c = 0.155134397703
r_cusp = 0.280351920522
r_center = 0.812681112752
W_cusp = -2.03144424749e-07
W_center = -0.205149608994
r_max_dens = 0.763756951172
density_max = 1.00684906574
r_max_mag_press = 0.912174287978
mag_pressure_max = 0.00531293384319
r_max_press = 0.763756951172
pressure_max = 0.0521842377821
r_max_total_press = 0.7749233892
total_pressure_max = 0.0571822730685
r_max_sp_energy = 0.763756951172
specific_internal_energy_max = 0.155487767405
r_max_sp_enth = 0.763756951172
specific_enthalpy_max = 1.20731702321
