p_c = 0.00583207732742
mag_p_c = 0.0103712610063
l = 3.41421357534
mag_beta_c = 0.56234132519
r_int = 2.78047018589
r_mb_real = 2.24898454321e-314
l_mb = 3.41421357534
r_c = 7.03285949425
h_c = 1.02328430348
epsilon_c = 0.0174632276075
r_cusp = 2.78152120646
r_center = 7.03285949425
W_cusp = -1.86897889679e-07
W_center = -0.0634819577585
r_max_dens = 5.65309309784
density_max = 1.19673631715
r_max_mag_press = 6.0800303868
mag_pressure_max = 0.0113958351402
r_max_press = 5.65309309784
pressure_max = 0.00739142003249
r_max_total_press = 5.90079300493
total_pressure_max = 0.0186568868841
r_max_sp_energy = 5.65309309784
specific_internal_energy_max = 0.0185289439117
r_max_sp_enth = 5.65309309784
specific_enthalpy_max = 1.02470525855
