p_c = 0.152969620654
mag_p_c = 0.000483732414079
l = 2.0063246157
mag_beta_c = 316.227766017
r_int = 0.0107871365282
r_mb_real = 2.24164663281e-314
l_mb = 2.0063246157
r_c = 0.125291558349
h_c = 1.61187848262
epsilon_c = 0.458908861963
r_cusp = 0.0108630832391
r_center = 0.125291558349
W_cusp = -0.000132988643512
W_center = -0.478600677313
r_max_dens = 0.123948063031
density_max = 1.00003547248
r_max_mag_press = 0.291084038669
mag_pressure_max = 0.000645047127358
r_max_press = 0.123948063031
pressure_max = 0.152976855646
r_max_total_press = 0.124283628109
total_pressure_max = 0.153457316559
r_max_sp_energy = 0.123948063031
specific_internal_energy_max = 0.45891428811
r_max_sp_enth = 0.123948063031
specific_enthalpy_max = 1.61188571748
