p_c = 0.0104447948482
mag_p_c = 0.00587353977627
l = 3.41421357534
mag_beta_c = 1.77827941004
r_int = 2.78047018589
r_mb_real = 2.24315023663e-314
l_mb = 3.41421357534
r_c = 7.03285949425
h_c = 1.04177917939
epsilon_c = 0.0313343845446
r_cusp = 2.78152120646
r_center = 7.03285949425
W_cusp = -1.86897889679e-07
W_center = -0.0634819577585
r_max_dens = 6.14620505973
density_max = 1.06133598859
r_max_mag_press = 6.71596674505
mag_pressure_max = 0.00592268655824
r_max_press = 6.14620505973
pressure_max = 0.0113075999527
r_max_total_press = 6.32113462544
total_pressure_max = 0.0170971976356
r_max_sp_energy = 6.14620505973
specific_internal_energy_max = 0.0319623570883
r_max_sp_enth = 6.14620505973
specific_enthalpy_max = 1.04261647612
