p_c = 0.0139919182183
mag_p_c = 0.0786825836751
l = 2.0632455533
mag_beta_c = 0.177827941004
r_int = 0.108958294315
r_mb_real = 2.14529861454e-314
l_mb = 2.0632455533
r_c = 0.496955955548
h_c = 1.0559602637
epsilon_c = 0.0419701977727
r_cusp = 0.109044255896
r_center = 0.496955955548
W_cusp = -3.43793665531e-06
W_center = -0.352462403606
r_max_dens = 0.240277575812
density_max = 2.26671854154
r_max_mag_press = 0.277520511313
mag_pressure_max = 0.14304580048
r_max_press = 0.240277575812
pressure_max = 0.0416547045205
r_max_total_press = 0.267966945563
total_pressure_max = 0.182766736428
r_max_sp_energy = 0.240277575812
specific_internal_energy_max = 0.0551299648682
r_max_sp_enth = 0.240277575812
specific_enthalpy_max = 1.07350661982
