p_c = 0.0118165398175
mag_p_c = 0.0210127659212
l = 2.65069628907
mag_beta_c = 0.56234132519
r_int = 1.20439326868
r_mb_real = 2.2134039749e-314
l_mb = 2.65069628907
r_c = 3.12953703841
h_c = 1.04730466325
epsilon_c = 0.0354784974397
r_cusp = 1.20468367169
r_center = 3.12953703841
W_cusp = -1.95636367743e-07
W_center = -0.126539898251
r_max_dens = 2.43019431206
density_max = 1.23768571018
r_max_mag_press = 2.64103486932
mag_pressure_max = 0.0235628459079
r_max_press = 2.43019431206
pressure_max = 0.0157196309781
r_max_total_press = 2.54955335565
total_pressure_max = 0.0389528955183
r_max_sp_energy = 2.43019431206
specific_internal_energy_max = 0.0381024783161
r_max_sp_enth = 2.43019431206
specific_enthalpy_max = 1.05080330442
