p_c = 1.31491653967e-05
mag_p_c = 0.13149165393
l = 2.00063426218
mag_beta_c = 0.0001
r_int = 0.00111541391944
r_mb_real = 2.21412238588e-314
l_mb = 2.00063426218
r_c = 0.0368867500569
h_c = 1.00005259731
epsilon_c = 3.94479805853e-05
r_cusp = 0.00119989331725
r_center = 0.0368867500569
W_cusp = -0.0051021124477
W_center = -0.525998006927
r_max_dens = 0.00219271785158
density_max = 96.7854955835
r_max_mag_press = 0.00269026088714
mag_pressure_max = 8.21375334091
r_max_press = 0.00219271785158
pressure_max = 0.00584322132185
r_max_total_press = 0.00269026088714
total_pressure_max = 8.21909212055
r_max_sp_energy = 0.00219271785158
specific_internal_energy_max = 0.000181118708541
r_max_sp_enth = 0.00219271785158
specific_enthalpy_max = 1.00024149161
