p_c = 0.081106555343
mag_p_c = 0.0811051838239
l = 2.00063426218
mag_beta_c = 1.0
r_int = 0.00111541391944
r_mb_real = 2.13264446293e-314
l_mb = 2.00063426218
r_c = 0.0368867500569
h_c = 1.32447661019
epsilon_c = 0.243357457643
r_cusp = 0.00119989331725
r_center = 0.0368867500569
W_cusp = -0.0051021124477
W_center = -0.525998006927
r_max_dens = 0.00622952465439
density_max = 2.6853795241
r_max_mag_press = 0.0121663895423
mag_pressure_max = 0.124868073631
r_max_press = 0.00622952465439
pressure_max = 0.302798313365
r_max_total_press = 0.00743407585468
total_pressure_max = 0.409225400581
r_max_sp_energy = 0.00622952465439
specific_internal_energy_max = 0.338274322845
r_max_sp_enth = 0.00622952465439
specific_enthalpy_max = 1.45103243046
