p_c = 0.165536036755
mag_p_c = 0.000165536036729
l = 2.00200033169
mag_beta_c = 1000.0
r_int = 0.00338976218366
r_mb_real = 2.17092666124e-314
l_mb = 2.00200033169
r_c = 0.0672994897634
h_c = 1.6621441476
epsilon_c = 0.4966081107
r_cusp = 0.00346525722239
r_center = 0.0672994897634
W_cusp = -0.000816278093025
W_center = -0.508506791543
r_max_dens = 0.0668449431477
density_max = 1.00000816795
r_max_mag_press = 0.24700563189
mag_pressure_max = 0.000264254431036
r_max_press = 0.0668449431477
pressure_max = 0.165537839737
r_max_total_press = 0.0668449431477
total_pressure_max = 0.165702615213
r_max_sp_energy = 0.0668449431477
specific_internal_energy_max = 0.496609462931
r_max_sp_enth = 0.0668449431477
specific_enthalpy_max = 1.66214595057
