p_c = 0.022099666142
mag_p_c = 0.0698852135486
l = 2.07228917239
mag_beta_c = 0.316227766017
r_int = 0.124730053336
r_mb_real = 2.25124298447e-314
l_mb = 2.07228917239
r_c = 0.543250843368
h_c = 1.08840101196
epsilon_c = 0.0663007589676
r_cusp = 0.124817800284
r_center = 0.543250843368
W_cusp = -4.5658672008e-06
W_center = -0.341552746049
r_max_dens = 0.289482431483
density_max = 1.85043520835
r_max_mag_press = 0.336808595538
mag_pressure_max = 0.105315555156
r_max_press = 0.289482431483
pressure_max = 0.0502072306366
r_max_total_press = 0.319814841839
total_pressure_max = 0.153432549671
r_max_sp_energy = 0.289482431483
specific_internal_energy_max = 0.0813979820696
r_max_sp_enth = 0.289482431483
specific_enthalpy_max = 1.10853064276
