p_c = 0.0326448917403
mag_p_c = 0.00183575716819
l = 2.6324555397
mag_beta_c = 17.7827941004
r_int = 1.16843707618
r_mb_real = 2.23740901991e-314
l_mb = 2.6324555397
r_c = 3.04476918435
h_c = 1.13057956696
epsilon_c = 0.097934675221
r_cusp = 1.16871754501
r_center = 3.04476918435
W_cusp = -2.16289985962e-07
W_center = -0.12922531663
r_max_dens = 2.96250774449
density_max = 1.00173689765
r_max_mag_press = 3.39526508983
mag_pressure_max = 0.00189696354632
r_max_press = 2.96250774449
pressure_max = 0.0327205147315
r_max_total_press = 2.98318612109
total_pressure_max = 0.0345257678478
r_max_sp_energy = 2.96250774449
specific_internal_energy_max = 0.0979913432606
r_max_sp_enth = 2.96250774449
specific_enthalpy_max = 1.13065512435
