p_c = 0.0292128168876
mag_p_c = 0.000519485507806
l = 2.7590527171
mag_beta_c = 56.234132519
r_int = 1.42010048383
r_mb_real = 2.17985114686e-314
l_mb = 2.7590527171
r_c = 3.63881527247
h_c = 1.11685126755
epsilon_c = 0.0876384506629
r_cusp = 1.42045612549
r_center = 3.63881527247
W_cusp = -9.72712682871e-08
W_center = -0.112373893767
r_max_dens = 3.60816800413
density_max = 1.00017705138
r_max_mag_press = 4.13473005024
mag_pressure_max = 0.000543592293921
r_max_press = 3.60816800413
pressure_max = 0.0292197133172
r_max_total_press = 3.61578666081
total_pressure_max = 0.0297362045541
r_max_sp_energy = 3.60816800413
specific_internal_energy_max = 0.0876436225273
r_max_sp_enth = 3.60816800413
specific_enthalpy_max = 1.11685816337
