p_c = 0.150377849812
mag_p_c = 0.0150377849791
l = 2.00200033169
mag_beta_c = 10.0
r_int = 0.00338976218366
r_mb_real = 2.24019766871e-314
l_mb = 2.00200033169
r_c = 0.0672994897634
h_c = 1.60151139975
epsilon_c = 0.451133549814
r_cusp = 0.00346525722239
r_center = 0.0672994897634
W_cusp = -0.000816278093025
W_center = -0.508506791543
r_max_dens = 0.0430186907774
density_max = 1.04295562214
r_max_mag_press = 0.130593083385
mag_pressure_max = 0.0172295643581
r_max_press = 0.0430186907774
pressure_max = 0.159051698268
r_max_total_press = 0.0467917303474
total_pressure_max = 0.171177951642
r_max_sp_energy = 0.0430186907774
specific_internal_energy_max = 0.457502778328
r_max_sp_enth = 0.0430186907774
specific_enthalpy_max = 1.61000370444
