energy_density_max = 14.526227738
total_ang_mom_dens_max = 9.42580060706
r_max_energy_density = 0.181632856227
r_max_total_ang_mom_dens = 0.185404559036
peri_r_max_energy_density = 0.675081478949
peri_r_max_total_ang_mom_dens = 0.680687772385
