p_c = 0.00422821768056
mag_p_c = 0.023777092847
l = 2.77730787881
mag_beta_c = 0.177827941004
r_int = 1.45696885537
r_mb_real = 2.14707946428e-314
l_mb = 2.77730787881
r_c = 3.72659081678
h_c = 1.01690540982
epsilon_c = 0.012679057365
r_cusp = 1.45733674835
r_center = 3.72659081678
W_cusp = -2.07136707115e-07
W_center = -0.110250100147
r_max_dens = 2.74231995467
density_max = 1.42858515544
r_max_mag_press = 2.94001592265
mag_pressure_max = 0.030580894418
r_max_press = 2.74231995467
pressure_max = 0.00679897348424
r_max_total_press = 2.900448919
total_pressure_max = 0.0372124587738
r_max_sp_energy = 2.74231995467
specific_internal_energy_max = 0.0142777071251
r_max_sp_enth = 2.74231995467
specific_enthalpy_max = 1.01903694283
