p_c = 0.000338733941209
mag_p_c = 0.107117083587
l = 2.02000000769
mag_beta_c = 0.00316227766017
r_int = 0.0342292645894
r_mb_real = 2.2188375903e-314
l_mb = 2.02000000769
r_c = 0.242054631617
h_c = 1.00135480777
epsilon_c = 0.00101610582979
r_cusp = 0.034307409192
r_center = 0.242054631617
W_cusp = -1.96790651451e-05
W_center = -0.429202098564
r_max_dens = 0.0697534696092
density_max = 6.07399956696
r_max_mag_press = 0.0804759133137
mag_pressure_max = 0.482188750215
r_max_press = 0.0697534696092
pressure_max = 0.00375350519753
r_max_total_press = 0.0803317509928
total_pressure_max = 0.485706168942
r_max_sp_energy = 0.0697534696092
specific_internal_energy_max = 0.00185388811251
r_max_sp_enth = 0.0697534696092
specific_enthalpy_max = 1.00247185082
