p_c = 0.00112866362005
mag_p_c = 0.0356915109219
l = 2.52880916553
mag_beta_c = 0.0316227766017
r_int = 0.966033528906
r_mb_real = 2.22526079152e-314
l_mb = 2.52880916553
r_c = 2.57240468623
h_c = 1.00451253835
epsilon_c = 0.00338440376093
r_cusp = 0.966262655112
r_center = 2.57240468623
W_cusp = -1.25471527368e-07
W_center = -0.146560470472
r_max_dens = 1.75896917333
density_max = 1.6886101735
r_max_mag_press = 1.88640276599
mag_pressure_max = 0.0536641942535
r_max_press = 1.75896917333
pressure_max = 0.00226811765289
r_max_total_press = 1.88090011108
total_pressure_max = 0.0558639100221
r_max_sp_energy = 1.75896917333
specific_internal_energy_max = 0.00402955819256
r_max_sp_enth = 1.75896917333
specific_enthalpy_max = 1.00537274426
