p_c = 4.8933845135e-05
mag_p_c = 0.0275175231932
l = 2.77730787881
mag_beta_c = 0.00177827941004
r_int = 1.45696885537
r_mb_real = 2.21766789581e-314
l_mb = 2.77730787881
r_c = 3.72659081678
h_c = 1.00019574574
epsilon_c = 0.000146809302219
r_cusp = 1.45733674835
r_center = 3.72659081678
W_cusp = -2.07136707115e-07
W_center = -0.110250100147
r_max_dens = 2.62185125948
density_max = 1.64364559227
r_max_mag_press = 2.79058548064
mag_pressure_max = 0.0408116573796
r_max_press = 2.62185125948
pressure_max = 9.49257894998e-05
r_max_total_press = 2.79058548064
total_pressure_max = 0.0409039432689
r_max_sp_energy = 2.62185125948
specific_internal_energy_max = 0.000173259594306
r_max_sp_enth = 2.62185125948
specific_enthalpy_max = 1.00023101279
