p_c = 0.000493772741849
mag_p_c = 0.0878065998024
l = 2.0632455533
mag_beta_c = 0.0056234132519
r_int = 0.108958294315
r_mb_real = 2.15225809437e-314
l_mb = 2.0632455533
r_c = 0.496955955548
h_c = 1.00197483945
epsilon_c = 0.00148112958632
r_cusp = 0.109044255896
r_center = 0.496955955548
W_cusp = -3.43793665531e-06
W_center = -0.352462403606
r_max_dens = 0.215204639544
density_max = 3.27055557477
r_max_mag_press = 0.242688642287
mag_pressure_max = 0.229559054341
r_max_press = 0.215204639544
pressure_max = 0.00239670957316
r_max_total_press = 0.242316794581
total_pressure_max = 0.231828757771
r_max_sp_energy = 0.215204639544
specific_internal_energy_max = 0.00219844260558
r_max_sp_enth = 0.215204639544
specific_enthalpy_max = 1.00293125681
