p_c = 0.000651065541431
mag_p_c = 0.0115777378905
l = 3.79687967765
mag_beta_c = 0.056234132519
r_int = 3.58553996203
r_mb_real = 2.13392343683e-314
l_mb = 3.79687967765
r_c = 9.24084455661
h_c = 1.00260943404
epsilon_c = 0.00195707552932
r_cusp = 3.58732545471
r_center = 9.24084455661
W_cusp = -1.90610108503e-07
W_center = -0.0488881868661
r_max_dens = 6.88063908464
density_max = 1.43304839574
r_max_mag_press = 7.29407834264
mag_pressure_max = 0.0152637253149
r_max_press = 6.88063908464
pressure_max = 0.00105468155031
r_max_total_press = 7.26937454217
total_pressure_max = 0.0162951113016
r_max_sp_energy = 6.88063908464
specific_internal_energy_max = 0.00220791193118
r_max_sp_enth = 6.88063908464
specific_enthalpy_max = 1.00294388257
