p_c = 0.000304546563658
mag_p_c = 0.171259112175
l = 1.20407705118
mag_beta_c = 0.00177827941004
r_int = 0.105606579349
r_mb_real = 2.19023066767e-314
l_mb = 1.20407705118
r_c = 0.425139204841
h_c = 1.00121826536
epsilon_c = 0.000913699021359
r_cusp = 0.105681957084
r_center = 0.425139204841
W_cusp = -1.66520378321e-05
W_center = -0.685464862983
r_max_dens = 0.173407014459
density_max = 4.23208371274
r_max_mag_press = 0.190880050242
mag_pressure_max = 0.57490312732
r_max_press = 0.173407014459
pressure_max = 0.00208495637217
r_max_total_press = 0.190720349693
total_pressure_max = 0.576887000952
r_max_sp_energy = 0.173407014459
specific_internal_energy_max = 0.00147796441211
r_max_sp_enth = 0.173407014459
specific_enthalpy_max = 1.00197061922
