r_H = 0.000894427168422
W_H = 0.0
M_H = 1.0
J_H = 0.9999999
M_ADM = 1.0
J_ADM = 0.9999999
M_SF = 0.0
J_SF = 0.0
m = 1.0
a_star = 0.9999999
a_star_H = 0.9999999
l_k_H = 2.00063245553
l_k_ADM = 2.00063245553
l = 2.00063426218
rho_c = 0.999983418387
gamma = 1.33333333333
q = 1.33333333333
mag_beta_c = 0.00316227766017
v_H = 0.999552886371
a_eq = 0.9999999
