p_c = 0.000415207591294
mag_p_c = 0.131300167424
l = 2.00063426218
mag_beta_c = 0.00316227766017
r_int = 0.00111541391944
r_mb_real = 2.16381945183e-314
l_mb = 2.00063426218
r_c = 0.0368867500569
h_c = 1.0016608579
epsilon_c = 0.00124564342866
r_cusp = 0.00119989331725
r_center = 0.0368867500569
W_cusp = -0.0051021124477
W_center = -0.525998006927
r_max_dens = 0.00231547922295
density_max = 90.7660076699
r_max_mag_press = 0.00269026088714
mag_pressure_max = 7.67600913516
r_max_press = 0.00231547922295
pressure_max = 0.169371057176
r_max_total_press = 0.00269026088714
total_pressure_max = 7.83264094814
r_max_sp_energy = 0.00231547922295
specific_internal_energy_max = 0.00559805575425
r_max_sp_enth = 0.00231547922295
specific_enthalpy_max = 1.00746407434
