p_c = 0.0276771982719
mag_p_c = 0.0155640323538
l = 2.45746184609
mag_beta_c = 1.77827941004
r_int = 0.829031973588
r_mb_real = 2.16676392498e-314
l_mb = 2.45746184609
r_c = 2.25402271659
h_c = 1.11070879309
epsilon_c = 0.0830315948158
r_cusp = 0.829230666804
r_center = 2.25402271659
W_cusp = -2.26500975874e-07
W_center = -0.161049175568
r_max_dens = 1.89689617874
density_max = 1.08132187671
r_max_mag_press = 2.12130278716
mag_pressure_max = 0.0157460152193
r_max_press = 1.89689617874
pressure_max = 0.0307181774061
r_max_total_press = 1.9660028587
total_pressure_max = 0.0459998885966
r_max_sp_energy = 1.89689617874
specific_internal_energy_max = 0.0852239598618
r_max_sp_enth = 1.89689617874
specific_enthalpy_max = 1.11363194648
