energy_density_max = 30.5011500673
total_ang_mom_dens_max = 17.3021399217
r_max_energy_density = 0.203123512945
r_max_total_ang_mom_dens = 0.204499790618
peri_r_max_energy_density = 0.872701195002
peri_r_max_total_ang_mom_dens = 0.87342185416
