p_c = 0.148722770557
mag_p_c = 0.00470302694892
l = 2.0063246157
mag_beta_c = 31.6227766017
r_int = 0.0107871365282
r_mb_real = 2.19034804186e-314
l_mb = 2.0063246157
r_c = 0.125291558349
h_c = 1.59489108223
epsilon_c = 0.446168311672
r_cusp = 0.0108630832391
r_center = 0.125291558349
W_cusp = -0.000132988643512
W_center = -0.478600677313
r_max_dens = 0.112495965531
density_max = 1.00344179339
r_max_mag_press = 0.253183140106
mag_pressure_max = 0.00579883133019
r_max_press = 0.112495965531
pressure_max = 0.149405659159
r_max_total_press = 0.115295101082
total_pressure_max = 0.153829809639
r_max_sp_energy = 0.112495965531
specific_internal_energy_max = 0.446679598588
r_max_sp_enth = 0.112495965531
specific_enthalpy_max = 1.59557279812
