p_c = 0.0288199286943
mag_p_c = 0.000911366166775
l = 2.7590527171
mag_beta_c = 31.6227766017
r_int = 1.42010048383
r_mb_real = 2.1888282485e-314
l_mb = 2.7590527171
r_c = 3.63881527247
h_c = 1.11527971478
epsilon_c = 0.0864597860828
r_cusp = 1.42045612549
r_center = 3.63881527247
W_cusp = -9.72712682871e-08
W_center = -0.112373893767
r_max_dens = 3.58297761781
density_max = 1.00055160821
r_max_mag_press = 4.09948538186
mag_pressure_max = 0.000948473769595
r_max_press = 3.58297761781
pressure_max = 0.0288411270551
r_max_total_press = 3.59805413389
total_pressure_max = 0.0297435671884
r_max_sp_energy = 3.58297761781
specific_internal_energy_max = 0.08647568047
r_max_sp_enth = 3.58297761781
specific_enthalpy_max = 1.11530090729
