p_c = 0.0304194647924
mag_p_c = 0.0171061221429
l = 2.39574673992
mag_beta_c = 1.77827941004
r_int = 0.711943198995
r_mb_real = 2.22178611084e-314
l_mb = 2.39574673992
r_c = 1.98271213881
h_c = 1.12167785917
epsilon_c = 0.0912583943772
r_cusp = 0.712118341275
r_center = 1.98271213881
W_cusp = -1.0341537752e-07
W_center = -0.175827559945
r_max_dens = 1.65477948728
density_max = 1.08519359821
r_max_mag_press = 1.8594027432
mag_pressure_max = 0.01731872589
r_max_press = 1.65477948728
pressure_max = 0.0339230219074
r_max_total_press = 1.71819726597
total_pressure_max = 0.050709770142
r_max_sp_energy = 1.65477948728
specific_internal_energy_max = 0.0937796406931
r_max_sp_enth = 1.65477948728
specific_enthalpy_max = 1.12503952092
