p_c = 0.066104632044
mag_p_c = 0.00371733663848
l = 2.20000000981
mag_beta_c = 17.7827941004
r_int = 0.351018639411
r_mb_real = 2.17338140071e-314
l_mb = 2.20000000981
r_c = 1.13078114698
h_c = 1.26441852818
epsilon_c = 0.198313896132
r_cusp = 0.351134497411
r_center = 1.13078114698
W_cusp = -7.26960105002e-08
W_center = -0.246372184676
r_max_dens = 1.08599894213
density_max = 1.00254145698
r_max_mag_press = 1.31700695839
mag_pressure_max = 0.0038848408523
r_max_press = 1.08599894213
pressure_max = 0.0663287296442
r_max_total_press = 1.0963135103
total_pressure_max = 0.0699574411591
r_max_sp_energy = 1.08599894213
specific_internal_energy_max = 0.198481756088
r_max_sp_enth = 1.08599894213
specific_enthalpy_max = 1.26464234145
