energy_density_max = 4.12885316277
total_ang_mom_dens_max = 2.38141823626
r_max_energy_density = 0.539905869999
r_max_total_ang_mom_dens = 0.562885280793
peri_r_max_energy_density = 0.990065791058
peri_r_max_total_ang_mom_dens = 1.00776984183
