p_c = 0.246129787318
mag_p_c = 4.37687532984e-05
l = 1.20407705118
mag_beta_c = 5623.4132519
r_int = 0.105606579349
r_mb_real = 2.13921944111e-314
l_mb = 1.20407705118
r_c = 0.425139204841
h_c = 1.98451914927
epsilon_c = 0.738389361953
r_cusp = 0.105681957084
r_center = 0.425139204841
W_cusp = -1.66520378321e-05
W_center = -0.685464862983
r_max_dens = 0.424878615243
density_max = 1.00000016272
r_max_mag_press = 0.574079364112
mag_pressure_max = 4.90964094378e-05
r_max_press = 0.424878615243
pressure_max = 0.246129840718
r_max_total_press = 0.424878615243
total_pressure_max = 0.246173589194
r_max_sp_energy = 0.424878615243
specific_internal_energy_max = 0.738389402003
r_max_sp_enth = 0.424878615243
specific_enthalpy_max = 1.98451920267
