p_c = 0.0319228039705
mag_p_c = 0.00179515118886
l = 2.65069628907
mag_beta_c = 17.7827941004
r_int = 1.20439326868
r_mb_real = 2.15567813535e-314
l_mb = 2.65069628907
r_c = 3.12953703841
h_c = 1.12769121588
epsilon_c = 0.0957684119115
r_cusp = 1.20468367169
r_center = 3.12953703841
W_cusp = -1.95636367743e-07
W_center = -0.126539898251
r_max_dens = 3.04580507547
density_max = 1.00173906366
r_max_mag_press = 3.48809925333
mag_pressure_max = 0.00185448292017
r_max_press = 3.04580507547
pressure_max = 0.031996846468
r_max_total_press = 3.06538832339
total_pressure_max = 0.0337622494301
r_max_sp_energy = 3.04580507547
specific_internal_energy_max = 0.0958238955491
r_max_sp_enth = 3.04580507547
specific_enthalpy_max = 1.12776519407
