energy_density_max = 7.97298050313
total_ang_mom_dens_max = 5.21979128073
r_max_energy_density = 0.254597750901
r_max_total_ang_mom_dens = 0.265917612456
peri_r_max_energy_density = 0.822044148191
peri_r_max_total_ang_mom_dens = 0.834728201178
