p_c = 0.0569170602625
mag_p_c = 1.01214436345e-05
l = 0.933434197827
mag_beta_c = 5623.4132519
r_int = 0.280238763035
r_mb_real = 2.18823935387e-314
l_mb = 0.933434197827
r_c = 0.812681112752
h_c = 1.22766824105
epsilon_c = 0.170751180788
r_cusp = 0.280351920522
r_center = 0.812681112752
W_cusp = -2.03144424749e-07
W_center = -0.205149608994
r_max_dens = 0.812274014612
density_max = 1.00000018823
r_max_mag_press = 0.998491046671
mag_pressure_max = 1.09158917979e-05
r_max_press = 0.812274014612
pressure_max = 0.0569170745474
r_max_total_press = 0.812274014612
total_pressure_max = 0.0569271919847
r_max_sp_energy = 0.812274014612
specific_internal_energy_max = 0.170751191501
r_max_sp_enth = 0.812274014612
specific_enthalpy_max = 1.22766825534
