p_c = 0.00175377272745
mag_p_c = 0.0311870369463
l = 2.62211129261
mag_beta_c = 0.056234132519
r_int = 1.14806422021
r_mb_real = 2.18625208746e-314
l_mb = 2.62211129261
r_c = 2.99830015116
h_c = 1.00701090198
epsilon_c = 0.00525817648477
r_cusp = 1.14833915964
r_center = 2.99830015116
W_cusp = -1.99954178118e-07
W_center = -0.130792107242
r_max_dens = 2.10056681113
density_max = 1.60889422314
r_max_mag_press = 2.24894290946
mag_pressure_max = 0.0448880134217
r_max_press = 2.10056681113
pressure_max = 0.00330367581647
r_max_total_press = 2.23732572018
total_pressure_max = 0.0480981065902
r_max_sp_energy = 2.10056681113
specific_internal_energy_max = 0.00616014857089
r_max_sp_enth = 2.10056681113
specific_enthalpy_max = 1.00821353143
