p_c = 5.73837875646e-05
mag_p_c = 0.0322692764591
l = 2.6324555397
mag_beta_c = 0.00177827941004
r_int = 1.16843707618
r_mb_real = 2.12477836868e-314
l_mb = 2.6324555397
r_c = 3.04476918435
h_c = 1.00022944338
epsilon_c = 0.000172082531269
r_cusp = 1.16871754501
r_center = 3.04476918435
W_cusp = -2.16289985962e-07
W_center = -0.12922531663
r_max_dens = 2.1020094212
density_max = 1.69540682534
r_max_mag_press = 2.24370374594
mag_pressure_max = 0.049041428092
r_max_press = 2.1020094212
pressure_max = 0.000115946116672
r_max_total_press = 2.24370374594
total_pressure_max = 0.0491539691189
r_max_sp_energy = 2.1020094212
specific_internal_energy_max = 0.000205165123093
r_max_sp_enth = 2.1020094212
specific_enthalpy_max = 1.0002735535
