energy_density_max = 55.2234653404
total_ang_mom_dens_max = 34.8270126567
r_max_energy_density = 0.145126519992
r_max_total_ang_mom_dens = 0.145898467355
peri_r_max_energy_density = 0.628342995378
peri_r_max_total_ang_mom_dens = 0.629335752513
