p_c = 8.80724242585e-05
mag_p_c = 0.088072426428
l = 2.0632455533
mag_beta_c = 0.001
r_int = 0.108958294315
r_mb_real = 2.18768890941e-314
l_mb = 2.0632455533
r_c = 0.496955955548
h_c = 1.00035223425
epsilon_c = 0.000264175685988
r_cusp = 0.109044255896
r_center = 0.496955955548
W_cusp = -3.43793665531e-06
W_center = -0.352462403606
r_max_dens = 0.214512386415
density_max = 3.31656766
r_max_mag_press = 0.24157409669
mag_pressure_max = 0.233492064224
r_max_press = 0.214512386415
pressure_max = 0.000435512492771
r_max_total_press = 0.24157409669
total_pressure_max = 0.233904376486
r_max_sp_energy = 0.214512386415
specific_internal_energy_max = 0.000393942657666
r_max_sp_enth = 0.214512386415
specific_enthalpy_max = 1.00052525688
