p_c = 0.0289763282062
mag_p_c = 0.000162945868026
l = 2.77730787881
mag_beta_c = 177.827941004
r_int = 1.45696885537
r_mb_real = 2.22273724649e-314
l_mb = 2.77730787881
r_c = 3.72659081678
h_c = 1.11590531282
epsilon_c = 0.0869289846186
r_cusp = 1.45733674835
r_center = 3.72659081678
W_cusp = -2.07136707115e-07
W_center = -0.110250100147
r_max_dens = 3.71593096312
density_max = 1.00001822246
r_max_mag_press = 4.26633145574
mag_pressure_max = 0.000171344163958
r_max_press = 3.71593096312
pressure_max = 0.0289770322351
r_max_total_press = 3.71859081386
total_pressure_max = 0.0291396670619
r_max_sp_energy = 3.71593096312
specific_internal_energy_max = 0.0869295126355
r_max_sp_enth = 3.71593096312
specific_enthalpy_max = 1.11590601685
