p_c = 0.0347372945402
mag_p_c = 0.000195342162452
l = 2.62211129261
mag_beta_c = 177.827941004
r_int = 1.14806422021
r_mb_real = 2.22871523528e-314
l_mb = 2.62211129261
r_c = 2.99830015116
h_c = 1.13894917816
epsilon_c = 0.10421188362
r_cusp = 1.14833915964
r_center = 2.99830015116
W_cusp = -1.99954178118e-07
W_center = -0.130792107242
r_max_dens = 2.98875486038
density_max = 1.00002212985
r_max_mag_press = 3.45663523639
mag_pressure_max = 0.000205912579153
r_max_press = 2.98875486038
pressure_max = 0.0347383195187
r_max_total_press = 2.99065976946
total_pressure_max = 0.0349332327462
r_max_sp_energy = 2.98875486038
specific_internal_energy_max = 0.104212652346
r_max_sp_enth = 2.98875486038
specific_enthalpy_max = 1.13895020313
