p_c = 0.000804578920056
mag_p_c = 0.0452448140773
l = 2.36711935577
mag_beta_c = 0.0177827941004
r_int = 0.658272243274
r_mb_real = 2.13198271535e-314
l_mb = 2.36711935577
r_c = 1.856947682
h_c = 1.00321749411
epsilon_c = 0.00241312058617
r_cusp = 0.658437408234
r_center = 1.856947682
W_cusp = -3.6073961847e-07
W_center = -0.183565101352
r_max_dens = 1.20576936667
density_max = 1.83460981461
r_max_mag_press = 1.30103387359
mag_pressure_max = 0.0729584282195
r_max_press = 1.20576936667
pressure_max = 0.00180639376924
r_max_total_press = 1.29867979042
total_pressure_max = 0.0747039383665
r_max_sp_energy = 1.20576936667
specific_internal_energy_max = 0.00295386041466
r_max_sp_enth = 1.20576936667
specific_enthalpy_max = 1.00393848055
