p_c = 0.000754019931881
mag_p_c = 0.0134086006866
l = 3.57984163105
mag_beta_c = 0.056234132519
r_int = 3.1298157959
r_mb_real = 2.2549342003e-314
l_mb = 3.57984163105
r_c = 7.97345443704
h_c = 1.00301279695
epsilon_c = 0.00225959771598
r_cusp = 3.13114819178
r_center = 7.97345443704
W_cusp = -1.16412385532e-08
W_center = -0.0564233645228
r_max_dens = 5.91524923606
density_max = 1.45436475486
r_max_mag_press = 6.2734511355
mag_pressure_max = 0.0178428738044
r_max_press = 5.91524923606
pressure_max = 0.00124065208418
r_max_total_press = 6.24865262215
total_pressure_max = 0.0190554167282
r_max_sp_energy = 5.91524923606
specific_internal_energy_max = 0.00255916285107
r_max_sp_enth = 5.91524923606
specific_enthalpy_max = 1.00341221713
